91
14
352
671
781
731
976
779
949
757
773
629
899
664
390
708
842
612
481
762
363
709
38
893
871
342
450
781
13
64
637
54
825
217
400
141
60
118
677
408
92
924
14
180
656
928
756
281
80
186
783
291
113
316
676
646
637
914
539
806
26
877
864
733
307
56
488
635
875
416
747
447
398
440
519
915
51
179
155
30
882
671
894
485
638
56
859
755
677
892
43
763
606
271
109
299
160
706
760
195
912
116
130
489
657
694
241
15
283
621
911
421
376
848
41
590
928
524
23
147
172
995
634
489
578
149
156
143
561
798
81
157
627
554
103
451
277
890
940
980
517
479
518
547
268
913
235
339
805
227
594
54
731
411
256
327
566
974
637
449
479
672
140
173
425
775
982
125
350
810
842
225
90
19
956
122
408
990
94
888
463
613
685
300
285
844
864
166
997
98
57
81
216
90
205
981
36
240
960
387
590
261
611
907
939
781
406
522
369
994
623
740
651
448
416
225
335
215
193
448
192
102
473
532
619
764
156
240
95
256
344
713
242
301
352
406
420
256
968
421
685
397
510
911
85
873
804
334
629
749
275
296
46
350
840
371
200
797
530
305
5
871
515
278
974
698
603
67
681
422
677
588
932
197
134
160
728
979
954
62
104
908
274
279
968
736
29
806
783
463
435
300
331
669
503
667
793
751
683
413
108
595
90
820
569
888
19
606
65
782
910
34
124
133
63
619
344
742
184
934
816
516
483
247
573
867
638
102
150
134
784
109
166
718
218
369
120
877
374
220
86
739
655
481
539
126
571
431
615
443
405
669
548
651
656
744
844
75
739
442
583
56
606
497
419
846
118
310
404
46
629
650
311
833
779
256
848
125
740
905
363
260
623
128
291
270
310
774
633
405
478
84
188
928
262
781
975
318
493
918
668
890
926
599
2
949
142
657
1000
955
261
389
298
474
191
334
342
215
644
189
59
770
152
309
838
799
474
76
202
318
890
304
540
140
870
256
660
418
647
231
569
833
635
1
258
875
753
100
63
306
635
410
466
101
385
750
173
102
659
632
818
788
378
283
507
520
755
63
162
342
994
909
662
822
333
683
593
764
330
609
189
361
239
294
965
365
369
475
135
53
418
577
146
775
302
313
880
67
660
476