177
135
809
935
310
806
360
847
795
455
786
562
57
690
679
847
855
187
386
505
119
839
135
945
800
335
46
920
87
904
165
43
715
919
636
972
249
423
832
619
509
144
952
125
100
786
383
592
559
632
698
64
66
218
580
593
984
376
415
471
705
921
513
820
640
455
530
871
588
14
730
595
101
210
859
158
542
863
937
856
687
264
412
87
521
404
522
718
537
889
356
235
401
318
562
621
632
690
7
167
243
747
621
983
851
698
795
131
108
792
743
218
876
140
227
919
258
929
878
504
179
738
818
8
283
444
45
579
909
637
608
597
319
813
565
356
651
131
487
500
519
811
213
377
740
318
941
98
90
769
459
90
153
531
676
776
434
825
463
644
299
12
160
709
49
723
484
38
102
822
462
655
983
408
587
777
17
435
547
175
120
742
887
942
543
355
338
320
689
370
505
259
491
953
498
635
184
83
76
891
342
986
209
146
302
317
442
732
740
824
829
166
617
214
677
167
652
585
655
118
280
197
524
770
534
958
671
782
94
316
269
755
337
118
702
892
236
963
805
816
662
1000
102
760
142
28
653
230
43
247
185
420
988
116
904
411
687
127
226
469
736
181
626
170
784
783
355
564
318
955
620
494
290
590
304
105
178
26
632
100
626
509
324
796
132
689
706
342
773
904
376
540
891
706
354
25
58
311
430
686
151
397
509
890
79
836
93
744
882
7
485
709
754
276
864
248
94
199
848
901
140
407
438
445
521
115
614
785
353
143
278
20
341
943
671
685
493
214
230
727
883
95
841
634
88
343
721
434
54
773
900
884
875
767
607
400
76
513
227
359
997
398
495
900
653
341
881
141
146
426
34
474
754
124
690
822
109
478
634
229
221
562
252
401
18
923
554
419
838
252
227
207
310
157
681
146
750
739
132
182
405
289
782
751
716
673
749
127
377
478
323
164
257
226
375
645
514
981
289
3
787
41
741
428
944
446
656
634
981
131
317
22
321
609
323
927
491
675
95
451
803
591
157
586
733
903
841
755
737
833
768
338
612
150
580
918
524
600
752
57
671
151
55
949
444
635
635
430
640
425
598
888
507
510
28
535
130
735
97
691
410
707
389
766
968
323
533
201
697
940
332
407
246
264
243
267
448
265
7
148
755
191
547
567
501
425
359
54
187
963
399
627
609
360
620
320
558
805
721
133
159
542
78
685
172
80
724
762
662
761
912
478
823
307
773
943
323
91
371
839
17
574
411
731
881
93
830
945
436
849
287
47
121
830
583
152
558
27
647
999
46
282
341
240
89
902
472
151
904
803
845
124
72
879
664
170
727
598
148
438
133
446
801
589
969
938
364
767
44
724
757
48
946
5
112
482
51
288
619
102
791
305
517
372
832
660
340
516
341
115
621
208
190
837
689
374
722
21
385
911
116
557
84
206
440
637
816
315
762
237
720
262
995
77
98
250
496
932
959
84
475
62
802
76
140
541
160
844
732
426
589
941
13
858
565
118
60
835
870
550
422
984
468
87
892
418
76
471
976
160
924
526
315
824
478
786
647
407
630
25
69
257
221
468
618
815
663
832
986
945
743
219
863
602
420
512
701
55
716
12
970
145
785
246
691
69
257
706
127
807
26
458
164
38
371
109
457
471
406
885
359
564
440
531
463
687
726
328
814
302
120
390
506
165
897
755
202
570
863
461
228
663
648
612
752
834
188
998
119
85
155
292
839
818
812
265
942
788
651
231
149
240
960
904
296
81
901
352
114
226
876
665
794
293
814
970
473
87
702
918
260
458
85
963
156
576
853
230
429
19
48
359
277
532
371
474
900
202
238
266
828
585
422
976
72
544
538
627
762
141
786
892
537
448
993
690
985
5
1000
439
187
849
289
721
884
552
359
821
728
891
630
288
983
922
915
818
549
890
249
750
697
166
189
908
161
624
249
161
31
155
938
460
621
379
492
792
307
845
666
74
437
679
340
996
139
236
93
796
735
559
811
177
786
574
526
759
989
29
579
68
461
364
172
531
618
231
52
186
405
329
948
468
573
54
805
913
291
443
402
617
991
688
33
834
860
444
623
725
517
401
163
267
806
396
555
960
37
170
558
218
331
146
255
162
331
736
109
60
222
200
818
244
697
4
728
929
622
534
239
604
588
735
329
411
897
462
535
607
359
176
543
746
822
958
880
811
754
474
840
265
41
986
392
81
607
190
769
508
583
252
8
535
147
465
278
440
788
168
239
604
784
277
10
303
578
468
972
882
41
646
862
194
191
58
400
354
423
37
686
292