965
761
604
843
599
48
877
684
645
63
811
76
90
808
629
7
186
772
81
349
973
268
82
464
587
156
835
707
905
148
687
994
203
619
873
170
643
324
114
32
821
211
420
952
809
862
47
498
562
275
188
384
781
31
257
936
625
70
113
1
875
258
162
955
812
861
683
988
683
149
579
484
577
499
826
55
616
139
314
516
403
899
800
71
605
466
632
764
335
241
506
861
420
238
81
582
509
37
148
872
278
939
852
657
514
580
633
872
889
573
588
193
185
726
574
430
979
25
649
309
200
200
166
366
339
236
9
164
537
411
402
754
170
568
821
950
277
548
168
731
875
881
91
768
527
813
297
396
644
98
279
83
917
682
137
180
379
969
398
704
23
372
984
17
215
847
738
652
844
754
123
344
521
922
206
600
7
293
153
275
159
526
18
194
553
684
336
581
13
658
879
306
39
34
800
375
503
983
742
222
675
827
187
451
103
259
700
593
204
731
434
892
659
489
446
161
710
45
874
30
486
492
713
111
204
317
614
910
709
713
864
803
832
147
107
889
230
745
78
230
292
578
8
165
968
161
367
524
869
681
388
283
125
792
147
773
401
361
679
357
538
477
390
242
879
62
749
622
940
572
756
360
372
469
11
514
394
28
818
227
815
191
340
152
816
740
329
902
523
339
235
13
770
987
177
559
303
375
126
550
144
588
585
853
933
180
121
957
863
863
939
702
198
652
440
368
996
64
106
862
322
533
83
999
277
214
131
495
801
628
456
877
680
840
605
985
89
542
505
963
158
380
999
917
172
185
369
63
433
72
545
115
402
374
897
964
15
620
801
879
490
479
674
539
716
610
846
244
9
65
870
48
691
758
595
21
567
776
203
577
242
801
141
275
110
821
391
248
330
14
209
110
84
999
426
384
823
788
590
980
477
77
359
723
324
275
891
423
301
262
60
319
193
489
137
856
30
776
824
989
447
82
645
617
914
29
835
946
318
490
343
652
115
591
543
503
25
525
727
905
873
95
243
974
80
601
662
95
66
529
467
469
690
445
865
452
931
369
619
348
94
289
910
344
241
367
105
981
224
339
557
485
918
761
794
145
182
259
941
914
310
650
530
804
894
118
329
832
607
95
790
385
780
274
888
997
241
601
423
6
77
799
162
526
906
482
309
508
190
556
244
540
376
838
105
870
317
686
309
631
819
306
980
728
869
756
403
431
348
343
328
753
214
897
10
43
156
289
935
183
661
971
149
408
822
590
830
543
640
293
673
380
887
650
442
258
101
226
353
680
530
640
219
396
44
306
676
595
746
17
927
436
315
143
1
113
960
577
335
850
646
723
795
790
605
38
565
58
519
714
934
885
879
364
718
486
132
228
112
39
786
702
761
818
8
318
725
57
830
941
373
734
582
267
911
546
440
730
556
19
735
849
417
935
404
704
582
333
159
975
154
837
457
374
890
139
932
629
579
32
848
20
539
959
899
635
162
491
969
224
705
448
901
166
690
560
384
699
88
115
844
580
617
607
232
212
936
570
330
107
998
684
359
919
541
131
264
696
268
382
75
858
820
94
879
146
614
23
873
288
540
96
70
68
664
694
831
193
40
823
363
923
807
754
991
732
861
509
656
756
158
729
574
71
335
396
263
536
4
265
110
342
566
213
763
270
811
398
652
597
980
495
790
856
368
125
809
593
248
673
818
708
143
855
881
957
394
735
450
805
204
820
648
949
731
346
756
997
281
169
823
561
948
432
509
938
927
329
584
307
747
556
322
171
556
696
823
908
715
503
710
296
461
31
171
645
723
666
974
459
639
720
604
305
85
427
930
192
217
459
99
572
226
451
262
550
512
360
931
324
821
57
385
748
310
415
357
898
432
212
941
502
664
376
110
229
451
112
875
560
279
838
528
407
895
956
396
829
344
191
565
875
921
224
653
516
129
715
732
629
441
189
888
395
832
77
845
775
516
818
72
423
873
180
34
596
75
567
873
231
354
233
527
111
36
516
79
9
100
20
116
457
819
197
377
499
831
24
84
519
735
317
862
860
536
301
809
979
417
194
949
826
801
523
51
504
760
817
583
718
349
601
701
999
426
472
330
492
517
462
801
316
639
918
915
619
629
643
586
43
257
103
904
385
363
622
59
966
249
150
159
332
29
547
396
368
37
653
692
833
281
363
386
942
576
958
200
776
180
658
23
51
533
705
215
582
722
650
602
452
770
747
957
389
654
505
45
526
903
530
33
689
971
119
425
122
495
157
784
111
621
248
228
443
355
584
356
677
145
288
258
159
42
103
21
756
326
305
226
74
114
807
170
621
960
812
719
968
431
76
679
248
23
865
354
183
501
202
903
788
585
175
225
852
264
513
603
510
812
50
349
256
121
630
970
124
246
361
611
671
312
836
99
89
944
276
174
728
10
953
372
502
525
716
749
944
321
292
700
868
215
301
707
1
966
369
836
258
109
901
654
425
829
197
368
13
396
796
89
454
111
432
813
64
470
108
706
198
141
772
878
157
806
458
811
256
212
660
252
636
179
853
430
821
209
990
192
496
191
540
366
65
155
594
116
722
279
965
69
572
111
363
359
852
986
731
798
235
611
385
421
894
947
833
942
493
588
664
793
823
518
377
728
69
62
869
960
301
216
132
47
921
854
873
341
99
898
653
623
972
181
272
672
713
83
54
826
7
134
882
80
917
878
243
421
871
270
695
248
112
111
914
888
105
461
224
409
729
426
704
276
791
233
665
71
127
164
609
186
435
741
977
556
316
356
871
265
83
751
831
767
742
397
373
661
806
736
757
997
930
55
962
938
311
468
266
956
119
457
269
859
206
208
372
485
880
119
397
407
678
901
188
939
877
846
122
590
252
957
328
654
495
84
259
119
967
23
939
62
713
311
272
143
45
748
946
153
32
879
807
581
868
281
306
468
425
120
60
739
660
568
830
241
710
554
296
860
886
435
178
681
159
529
770
721
720
339
593
983
287
446
280
23
51
287
833
970
558
756
329
264
518
745
141
122
148
999
346
878
9
711
32
544
638
208
196
571
576
872
926
128
111
679
792
616
412
284
390
887
902
458
720
643
541
818
229
235
608
233
121
458
1
493
935
715
599
165
472
314
719
100
440
409
687
926
504
837
247
100
54
433
959
307
119
818
996
756
346
891
921
783
473
380
488
213
46
597
339
503
963
425
72
347
752
517
961
977
713
704
871
854
239
769
869
862
650
798
334
101
958
859
546
99
576
732
410
730
679
961
570
875
613
622
359
968
808
407
536
327
788
975
629
548
610
521
244
362
453
242
269
542
364
173
949
367
479
483
564
647
280
100
80
683
600
786
846
152
731
669
387
482
764
457
704
89
377
500
64
137
763
5
210
98
61
248
574
697
977
456
649
706
723
452
402
688
721
557
102
903
755
345
913
630
539
746
34
823
493
980
315
256
645
493
173
282
207
157
299
174
762
94
305
977
835
257
85
860
352
616
351
37
105
301
954
185
447
112
72
835
341
193
950
930
238
754
408
37
729
902
630
45
6
714
62
312
651
846
611
768
880
436
475
906
876
154
333
580
957
213
747
978
696
51
719
187
63
276
321
138
424
71
784
265
322
935
430
396
325
61
914
990
249
885
55
305
15
877
208
845
723
921
801
784
555
462
569
454
505
312
780
702
586
248
815
724
711
839
76
901
963
706
253
91
751
815
570
416
619
741
134
249
831
496
744
545
239
482
352
24
379
225
534
469
691
379
522
294
705
895
482
104
959
389
992
391
370
468
24
688
531
806
956
752
204
175
245
73
976
313
681
783
958
801
823
748
38
264
311
378
7
553
306
809
823
186
761
413
373
701
193
590
717
265
597
577
633
983
685
810
837
667
80
227
320
714
797
325
274
198
577
575
903
192
819
333
760
885
973
148
115
863
581
70
890
8
591
805
162
985
897
62
937
112
507
368
823
863
868
120
741
206
604
364
44
938
604
627
308
720
672
6
571
552
142
423
608
674
710
258
813
539
116
182
364
172
944
427
461
766
514
560
821
721
967
979
354
478
421
209
260
890
550
431
643
139
589
422
757
181
763
806
36
310
516
29
754
353
919
187
203
158
66
570
838
991
732
437
218
807
512
848
992
726
427
716
462
990
605
531
910
233
5
853
816
435
264
498
172
291
939
53
283
606
533
285
796
473
811
393
692
637
51
787
200
16
295
44
672
738
709
674
998
427
675
299
806
401
63
956
41
367
897
886
576
997
318
268
313
559
557
383
409
515
435
345
11
363
796
662
685
714
370
627
611
180
37
817
188
776
404
678
563
941
696
312
35
615
181
191
87
218
59
539
705
835
254
233
662
988
418
916
706
406
932
475
583
95
823
667
579
487
811
180
462
849
824
542
192
927
938
990
130
322
316
739
713
447
149
37
741
16
57
871
267
193
81
66
298
600
840
638
847
776
126
984
652
588
909
862
667
62
239
903
177
629
390
420
450
890
236
692
584
621
87
718
709
39
745
715
73
758
666
450
557
123
213
942
151
122
508
798
742
42
354
332
793
751
748
678
451
300
753
633
923
869
149
304
35
182
762
439
598
441
814
764
799
110
710
315
985
283
410
528
436
627
892
505
973
175
738
254
678
603
636
933
307
227
211
50
229
14
419
472
761
934
317
445
985
902
542
519
693
523
867
978
572
497
833
892
219
143
429
308
676
983
306
799
160
841
50
136
284
589
899
240
716
671
606
328
53
789
291
129
891
35
501
250
665
643
764
71
906
155
252
534
508
367
41
964
504
142
858
798
952
509
394
169
205
753
597
848
492
599
619
517
450
318
483
22
779
578
148
846
815
262
233
896
943
949
533
736
458
713
236
641
489
538
183
71
874
93
999
215
880
845
83
474
648
809
403
973
863
32
181
357
156
859
944
40
813
552
119
401
6
478
360
598
799
8
545
590
752
781
338
169
161
616
718
477
760
149
843
330
47
602
642
9
802
425
641
565
230
127
199
225
982
964
877
382
230
279
406
775
73
69
438
407
71
738
602
507
530
837
403
297
541
123
6
443
367
687
349
661
523
213
175
734
84
469
292
420
195
302
659
185
495
959
775
688
299
348
811
791
78
783
377
807
256
973
922
572
202
97
800
129
76
772
851
637
667
616
274
323
522
26
631
138
397
67
648
405
807
988
819
715
683
453
851
965
977
474
321
441
187
141
479
536
816
136
627
499
75
248
490
339
83
295
198
454
593
164
389
193
540
478
359
438
86
852
9
532
50
447
785
448
832
684
127
725
248
768
210
291
772
372
275
414
683
350
219
129
105
321
239
738
152
784
830
952
690
164
819
379
192
7
474
320
393
127
663
672
746
240
221
755
749
664
199
246
352
865
225
369
3
527
384
196
439
892
28
446
235
572
417
38
218
431
654
406
550
865
986
822
240
219
555
235
520
339
992
590
268
998
176
155
601
853
731
362
61
115
106
905
572
372
378
200
900
833
747
166
799
95
865
49
509
322
528
777
773
231
264
567
477
855
499
653
40
461
503
133
828
221
693
31
183
144
800
608
359
778
684
372
44
469
858
806
578
250
138
67
637
786
748
63
823
61
508
742
688
997
113
474
37
848
958
720
776
947
171
563
385
4
808
491
581
924
480
771
461
596
19
109
302
687
136
985
696
75
536
226
489
592
510
118
242
438
669
913
104
79
267
244
513
975
872
146
493
119
1000
274
636
684
114
418
34
716
196
614
950
13
306
787
922
131
583
99
412
825
269
419
610
708
574
318
878
55
258
174
848
288
604
772
6
135
721
616
899
930
166
570
74
629
135
301
752
390
159
262
292
515
7
240
117
621
325
525
250
57
20
744
118
554
482
390
240
68
777
822
829
596
27
391
717
158
418
333
862
279
739
819
101
136
846
133
243
579
336
262
641
515
474
864
51
300
957
765
71
571
801
261
555
669
156
523
744
46
107
73
467
80
851
501
33
459
776
777
997
521
30
108
626
507
983
145
422
244
424
411
703
366
590
604
849
51
999
552
363
400
253
294
745
358
231
212
997
465
107
410
649
457
532
384
835
123
591
223
272
655
73
678
375
891
880
561
846
944
375
276
905
103
158
699
844
52
686
364
908
508
942
760
69
446
782
921
273
242
306
838
811
149
123
96
798
794
604
815
847
311
111
866
875
137
865
525
759
159
765
142
46
2
320
931
42
179
551
773
323
442
35
86
265
498
479
543
534
555
972
923
333
449
595
513
458
231
928
812
672
667
583
588
149
655
122
538
106
842
595
506
383
899
749
788
392
75
887
166
229
505
577
502
762
135
571
396
597
440
569
864
107
797
921
678
220
674
396
965
702
224
628
625
419
351
125
860
515
491
461
276
476
802
417
671
511
111
281
180
263
992
58
96
470
775
169
225
453
90
844
617
920
882
723
854
165
178
233
871
695
8
304
806
374
293
895
94
254
177
390
568
959
841
422
702
147
935
195
836
953
80
803
745
853
238
177
585
926
781
967
817
741
555
931
41
171
410
429
703
158
594
558
695
49
170
869
610
289
624
330
828
965
729
299
709
321
438
434
705
373
555
621
155
511
249
891
562
590
555
601
889
890
34
245
805
25
273
400
383
830
622
35
400
692
843
684
400
420
230
647
430
311
674
930
928
555
885
899
639
181
172
577
907
908
612
848
258
891
223
705
476
941
219
116
967
850
977
160
460
62
450
762
261
610
407
909
200
672
295
641
642
201
378
742
223
241
517
661
452
486
219
255
7
322
668
230
501
14
261
713
277
125
6
347
83
812
375
318
179
388
250
229
135
867
481
139
748
465
243
248
457
589
604
457
485
588
158
14
5
69
333
880
970
824
727
188
563
792
817
520
217
877
510
503
580
926
402
275
367
525
3
256
494
353
378
359
937
663
863
603
885
263
74
458
25
612
933
315
525
607
358
72
703
189
597
303
538
635
726
642
682
601
807
719
600
799
729
805
990
860
803
157
282
688
823
34
828
824
795
266
553
615
38
241
825
884
711
325
159
350
909
138
705
188
66
202
841
517
679
532
956
350
142
250
829
319
372
643
143
5
313
786
523
97
491
250
66
581
674
251
292
317
918
42
906
756
59
781
622
930
443
796
370
746
152
668
799
377
285
771
443
321
426
698
250
406
773
943
454
86
980
191
917
244
460
207
783
762
296
858
425
182
91
298
58
918
596
632
827
546
81
417
258
928
138
98
316
593
34
493
669
392
327
584
935
754
59
690
376
991
64
712
769
874
529
654
843
545
535
296
247
358
599
341
515
727
23
482
54
859
907
161
582
754
40
267
811
872
928
634
655
800
964
404
286
332
826
893
905
443
246
689
122
383
121
586
989
349
156
495
752
541
664
713
38
835
49
373
100
818
908
934
327
196
762
438
896
144
381
602
170
766
138
430
408
273
456
231
537
227
710
583
830
218
107
550
233
506
909
498
560
28
598
571
13
69
854
420
87
605
37
692
123
441
331
923
486
889
45
507
622
665
548
186
284
187
859
619
932
370
57
791
162
594
650
930
832
141
495
995
133
296
31
371
286
543
766
234
983
611
859
828
94
440
750
572
810
429
647
526
557
386
850
431
835
104
63
951
721
439
41
460
101
168
708
970
434
509
983
165
805
837
652
814
182
459
583
425
797
918
872
981
219
848
794
60
14
762
185
413
880
794
791
858
665
355
901
428
491
371
838
130
245
37
545
706
111
71
160
367
832
152
46
811
995
69
383
677
189
953
857
715
27
846
931
797
479
654
85
589
518
728
658
683
338
848
991
399
386
929
349
671
586
272
386
181
672
387
137
225
413
929
11
502
128
496
364
252
525
751
815
60
732
873
59
706
318
684
871
190
356
247
455
65
354
563
392
459
733
375
751
915
584
708
922
180
129
108
12
231
110
325
23
448
1
316
993
804
168
116
539
362
308
112
584
512
887
214
336
367
199
845
86
584
569
151
275
245
531
21
587
85
147
307
906
800
890
635
280
952
289
722
890
293
750
223
568
204
795
360
600
876
591
583
954
842
793
504
70
614
35
28
97
967
151
978
52
65
450
432
777
526
332
584
927
331
328
370
723
347
836
98
934
985
658
120
74
804
481
7
442
45
469
226
836
534
605
563
857
318
490
772
143
391
416
766
627
822
587
878
293
618
725
362
3
409
49
713
681
834
825
947
650
763
606
129
474
959
112
805
244
138
333
669
537
941
725
898
882
8
237
17
73
383
568
815
68
706
408
725
938
626
982
588
546
107
932
420
44
257
881
567
342
326
816
577
604
746
732
328
620
850
634
56
956
650
14
780
619
830
773
275
235
240
428
104
240
408
334
110
287
127
27
108
745
678
290
888
626
505
212
275
944
919
266
889
525
82
591
41
534
798
726
506
928
98
650
530
15
433
246
322
952
455
112
328
216
35
749
167
949
697
865
284
880
724
410
23
818
155
687
850
13
952
696
683
275
82
856
681
1000
817
332
101
325
615
251
721
251
402
315
446
521
729
396
749
14
505
65
223
121
86
637
36
273
78
573
161
63
678
579
758
766
425
362
365
579
485
450
271
47
433
508
443
430
80
771
656
870
212
777
535
337
194
94
126
466
719
922
788
334
210
210
887
613
493
152
766
142
139
916
245
357
367
576
122
803
438
117
22
211
136
170
152
34
346
108
13
544
628
173
672
302
394
162
812
511
64
333
118
790
190
865
440
561
473
413
208
393
926
619
135
531
136
831
116
385
613
764
547
3
495
181
938
715
567
125
505
472
167
485
851
912
55
22
205
865
821
802
207
396
309
697
692
369
711
689
621
303
333
608
598
405
756
45
54
700
730
662
565
547
291
521
73
624
683
141
720
976
981
575
954
761
159
773
64
34
187
681
181
340
606
975
108
291
820
249
793
914
608
725
164
388
37
607
800
378
735
996
951
115
810
413
24
981
839
692
78
136
51
755
306
931
220
624
751
557
725
771
719
46
593
106
236
638
169
953
287
515
519
547
966
521
215
326
458
163
933
148
563
878
809
152
471
564
87
724
701
328
39
274
973
927
390
91
872
701
605
180
690
984
848
88
547
762
464
734
842
42
785
950
39
688
956
396
965
641
479
115
771
556
484
496
611
587
368
455
679
778
292
77
122
385
658
916
483
810
367
252
55
24
863
421
282
748
96
265
275
828
272
861
602
882
947
975
103
889
188
158
190
867
683
18
551
184
227
104
630
242
78
55
447
564
878
283
711
698
506
399
252
304
569
489
521
123
316
145
770
238
532
537
711
287
446
579
380
543
741
775
940
929
488
919
580
405
21
137
231
701
850
274
874
67
604
562
386
411
435
428
822
801
249
153
270
677
888
54
64
700
370
258
279
447
167
322
415
462
586
54
205
265
272
231
983
74
455
163
321
845
60
963
664
869
725
211
830
131
844
829
462
777
447
739
792
648
645
880
888
993
636
479
611
27
129
598
262
532
113
709
755
531
582
96
162
493
120
566
71
164
333
545
972
268
277
974
891
171
504
328
320
533
163
390
508
429
382
626
223
283
40
372
583
262
750
453
715
453
999
705
717
890
160
227
412
279
467
700
871
211
681
39
396
409
360
742
539
791
418
249
879
457
629
352
876
217
631
260
94
732
334
1000
20
87
99
479
696
298
607
160
633
163
53
211
813
54
320
114
314
626
491
469
642
569
381
385
823
61
980
133
452
32
179
800
13
134
121
632
855
490
45
358
523
794
928
222
471
975
244
589
157
415
387
631
73
39
268
922
65
120
479
812
262
910
113
426
399
485
670
630
834
411
43
500
825
364
526
584
72
962
671
230
240
791
54
470
638
198
53
579
839
529
29
379
141
886
698
324
478
234
876
842
859
510
425
810
713
498
753
438
346
321
551
550
899
311
977
257
141
99
525
211
578
905
687
526
637
878
215
469
634
13
369
232
80
560
774
569
762
899
833
156
559
430
401
631
425
365
223
748
580
88
192
787
139
625
121
483
340
415
509
860
233
332
747
716
484
493
941
929
96
825
718
848
831
115
239
867
842
792
992
774
891
466
647
415
629
406
392
297
644
332
943
959
717
952
707
749
768
393
194
883
866
222
59
8
291
264
568
628
23
529
322
105
159
518
973
297
423
154
964
983
33
610
721
28
170
927
331
346
337
844
384
57
443
862
636
248
904
156
376
46
781
302
939
60
791
440
684
886
882
536
290
851
199
745
48
433
303
545
806
247
250
878
499
963
46
984
396
88
802
464
333
735
107
563
978
340
653
946
749
413
53
587
339
551
801
721
591
179
514
657
337
950
114
15
578
39
565
533
631
421
26
543
426
271
928
507
510
225
752
722
764
339
793
902
774
995
305
893
201
236
250
181
400
496
310
585
944
889
625
258
563
795
496
5
384
604
110
851
925
603
970
180
522
639
438
624
105
533
754
580
818
478
57
258
928
651
262
380
171
685
834
410
183
471
565
363
672
649
359
463
36
817
434
68
792
405
851
595
853
713
814
105
877
849
998
413
787
397
856
137
978
49
668
745
437
206
315
318
191
977
388
518
731
48
187
255
429
192
759
542
127
100
281
460
320
969
801
275
641
321
307
969
334
405
241
884
992
570
809
639
291
585
788
809
278
401
8
627
905
539
638
646
758
992
179
648
365
487
959
895
573
941
702
334
463
999
491
41
671
227
392
920
507
915
843
869
351
320
878
311
338
397
882
601
178
319
31
302
291
612
509
368
203
880
856
212
46
589
717
155
994
896
466
328
575
446
926
404
423
388
912
618
593
331
390
590
832
827
315
22
466
188
16
597
862
569
816
546
166
924
750
222
59
218
408
229
89
7
328
612
683
688
18
82
433
436
576
157
651
963
843
644
377
269
556
294
432
445
314
187
603
542
870
914
90
691
434
624
168
61
314
174
330
678
739
163
170
413
966
444
641
750
164
719
674
466
498
807
578
794
93
154
952
737
856
112
801
176
4
23
707
712
419
84
840
913
87
426
639
723
707
169
389
564
352
382
93
76
883
468
846
521
967
869
248
41
83
806
212
902
300
598
473
806
372
257
337
128
962
110
820
830
314
302
562
642
410
776
540
470
204
466
949
906
959
491
259
218
518
169
356
503
673
225
703
642
31
383
660
112
567
715
427
287
140
586
244
53
335
241
512
945
316
340
692
746
46
148
761
593
320
70
399
365
859
184
272
308
331
233
518
985
477
269
666
439
234
315
903
71
353
649
585
812
86
901
156
484
194
911
957
49
247
454
24
410
580
269
83
77
909
45
816
417
54
694
283
501
290
90
511
403
997
854
875
846
394
639
440
338
4
59
751
869
458
865
755
244
769
878
665
226
752
408
370
996
803
562
816
818
46