558
792
998
519
21
38
741
484
534
433
89
827
214
802
698
661
350
965
644
194
171
42
691
796
708
103
307
442
30
946
96
410
899
447
215
40
464
411
339
149
758
41
917
617
830
154
677
241
33
658
559
763
550
299
867
801
677
289
468
338
364
628
219
509
805
728
854
572
437
636
135
733
569
262
190
465
446
331
293
228
449
503
976
249
399
371
619
617
723
886
508
456
724
456
147
58
614
589
113
23
389
857
270
874
580
81
715
722
592
460
862
468
819
221
717
415
134
829
655
788
190
547
498
452
5
158
593
734
168
561
354
16
515
450
763
125
318
435
59
132
592
346
282
561
471
619
488
201
122
139
747
905
728
268
665
420
98
936
162
253
782
536
937
546
547
304
121
564
440
499
146
589
106
105
595
340
419
737
388
260
267
37
804
180
774
488
788
941
362
550
292
578
496
160
734
33
24
389
166
422
894
985
41
687
848
887
639
650
938
127
255
945
689
581
562
98
475
144
171
369
115
245
744
864
840
880
601
446
907
432
517
972
799
858
356
367
102
229
399
821
582
949
770
104
698
96
202
75
590
253
19
556
952
467
181
821
128
32
780
243
77
261
466
900
778
821
26
813
551
169
425
208
882
468
462
729
523
940
711
205
909
932
411
470
273
243
854
695
29
531
987
804
211
701
751
219
977
63
292
338
407
522
532
396
203
558
892
420
801
642
751
444
646
547
748
79
727
914
684
135
794
363
182
672
827
82
131
547
944
593
775
825
217
742
710
184
983
503
212
116
985
662
40
739
138
113
766
697
828
631
511
264
465
210
521
946
529
19
843
165
835
294
823
214
858
171
127
417
676
326
316
999
728
722
173
934
242
859
422
127
375
913
174
263
826
553
304
305
947
92
609
454
627
44
526
551
867
668
582
32
734
186
846
970
476
47
570
263
934
647
130
776
380
858
133
157
67
900
252
6
110
486
882
515
228
345
18
379
750
357
363
558
420
915
494
418
557
711
499
49
734
613
604
920
435
76
429
925
194
764
381
40
313
78
965
675
649
751
887
55
955
578
939
110
572
279
193
723
480
570
578
138
910
605
493
773
234
398
855
33
202
537
865
825
432
449
70
645
927
872
429
757
640
965
579
487
916
926
574
815