746
911
189
489
617
255
629
129
292
737
177
555
610
567
805
505
56
308
808
870
296
351
751
210
195
217
684
453
518
131
917
506
931
778
367
523
796
79
302
503
89
227
652
249
19
775
619
749
565
885
756
481
211
962
82
654
626
416
876
237
843
107
822
931
222
148
369
717
637
673
576
209
535
847
98
592
951
543
120
236
675
396
712
801
705
124
163
371
747
789
468
11
945
632
543
909
256
216
894
255
199
718
787
596
707
868
971
796
90
191
498
7
903
85
261
751
218
890
906
118
858
906
511
949
564
642
324
706
693
638
423
946
619
571
177
58
780
900
345
742
310
972
221
379
340
517
57
179
511
963
2
942
914
41
910
91
934
274
722
652
919
765
404
728
746
896
330
720
255
172
995
662
698
426
94
137
568
890
718
247
185
670
622
52
934
426
844
873
951
659
936
848
656
835
756
935
910
351
411
949
270
461
536
899
493
442
726
232
319
124
239
823
980
167
476
8
17
472
877
343
478
138
42
933
937
358
780
807
666
494
311
938
24
689
319
620
767
491
407
922
816
929
592
780
140
352
743
151
514
30
574
498
677
166
29
350
610
914
265
39
841
220
708
474
516
514
945
344
415
287
330
633
812
662
365
905
822
699
418
911
101
283
384
460
529
221
180
494
797
730
38
331
38
403
251
215
584
171
162
982
621
631
18
414
420
963
601
163
873
785
287
19
369
731
94
53
732
168
870
742
185
311
720
982
823
817
345
963
687
820
421
735
275
370
210
624
813
57
474
331
931
235
61
25
123
275
937
297
539
117
590
322
996
316
296
759
374
197
870
827
147
902
584
801
207
517
929
310
9
920
37
526
492
803
706
268
335
550
973
667
926
299
459
409
919
507
358
820
562
28
142
771
952
669
947
131
874
530
798
924
964
184
673
310
428
77
641
358
574
241
884
906
614
808
1
278
725
216
641
927
136
503
770
965
456
304
192
108
388
501
82
118
123
122
779
38
616
894
240
304
136
443
472
197
70
447
81
163
128
335
448
594
132
573
440
123
531
930
725
985
709
738
798
695
165
762
701
338
811
571
190
452
868
964
546
619
210
976
5
896
305
594
730
957
101
536
542
727
189
159
968
467
141
126
450
114
284
363
398
842
866
185
722
286
836
467
812
671
626
896
65
241
117
367
805
256
834
456
651
932
69
744
152
94
608
607
277
113
326
793
708
747
871
23
539
760
340
603
422
947
335
841
898
975
639
77
629
827
342
866
122
790
670
372
364
775
902
587
152
549
728
942
684
954
583
761
678
210
450
470
547
161
703
468
990
536
236
919
977
57
525
783
34
980
904
280
605
562
496
835
311
779
328
815
807
80
992
379
690
958
768
202
604
973
240
505
660
98
240
980
992
975
722
619
428
52
296
872
797
398
507
725
280
53
785
146
57
826
121
539
172
212
2
859
212
579
571
546
524
185
548
819
268
343
80
76
27
61
499
199
346
85
276
153
456
470
609
752
178
878
479
604
854
719
384
344
802
447
693
849
706
19
354
192
745
230
99
2
420
406
884
100
385
31
577
799
680
250
94
741
133
566
896
133
458
890
948
171
288
947
517
970
187
685
292
331
340
9
941
125
243
651
382
178
834
590
43
76
65
338
325
713
930
122
277
434
298
536
706
364
494
554
102
947
437
590
167
888
423
715
766
819
135
137
130
399
573
333
473
111
974
358
218
172
47
910
132
178
943
59
654
514
692
785
361
229
945
198
4
761
179
429
914
381
18
495
199
475
89
249
710
1000
748
461
524
650
306
255
978
839
751
840
537
33
744
422
999
709
299
856
604
452
414
183
242
731
437
806
201
826
384
423
717
314
105
92
606
621
153
81
114
389
40
322
912
219
458
796
76
681
517
943
580
341
727
147
274
547
108
202
907
797
776
518
345
719
743
565
258
1000
229
474
379
978
173
586
221
300
491
527
637
426
392
848
820
662
179
469
859
548
380
387
722
285
425
166
464
201
804
792
202
291
537
823
21
745
756
808
617
989
173
799
287
696
455
346
113
176
422
381
159
118
820
576
272
789
97
569
546
592
690
752
591
506
610
909
384
603
248
137
407
749
57
599
954
77
731
919
705
355
673
939
570
890
12
466
162
265
49
282
752
932
356
625
262
126
275
305
591
675
643
969
723
747
886
467
497
863
841
111
755
540
353
364
909
226
574
993
582
580
916
280
938
719
204
156
734
163
209
698
231
931
583
566
638
170
741
229
518
298
768
329
960
599
878
383
894
504
808
672