387
926
98
322
532
877
674
980
592
761
193
314
246
808
416
374
899
276
751
21
114
99
518
35
780
416
204
147
320
864
254
826
594
79
244
740
757
81
80
949
716
698
475
906
168
440
84
379
911
628
627
947
585
250
41
902
361
655
359
200
566
225
789
121
60
135
299
466
600
713
108
421
431
78
454
356
787
66
588
462
490
176
395
864
25
725
775
308
819
428
368
188
84
46
648
779
493
28
890
591
939
344
235
192
61
403
489
685
847
992
149
336
80
96
988
480
891
360
170
993
736
920
624
863
345
404
272
310
711
584
126
495
154
941
373
713
54
977
56
184
966
822
523
690
643
404
25
513
183
413
867
632
790
182
935
602
345
189
555
218
976
638
605
233
783
539
125
151
396
301
857
10
228
937
353
330
94
963
247
391
774
884
7
189
107
840
179
680
301
544
261
842
491
150
376
773
963
478
435
1
991
363
381
586
51
538
211
878
338
986
264
149
4
40
594
37
11
107
216
891
891
291
27
621
717
722
904
778
364
623
89
600
723
595
575
859
205
957
231
726
301
635
540
584
793
70
914
122
419
509
6
382
54
589
802
473
305
285
669
97
652
732
460
416
526
894
661
400
700
976
878
690
818
80
797
561
501
281
498
611
920
550
634
915
571
396
239
657
306
224
22
371
668
514
388
25
624
388
421
478
546
605
886
295
757
774
414
77
561
379
256
259
200
762
886
67
112
672
921
472
336
962
353
480
347
590
953
231
157
941
98
544
815
761
653
975
265
726
923
579
679
258
109
62
62
239
379
122
784
616
938
914
315
373
874
494
800
351
910
390
731
26
828
487
843
106
792
201
223
682
306
168
199
523
758
120
81
154
222
308
698
651
12
646
658
907
64
698
254
441
247
545
942
795
789
523
824
689
989
254
292
124
606
519
888
981
359
738
308
910
1000
777
210
582
1
676
879
565
888
419
515
263
458
898
942
11
391
491
2
819
294
434
489
451
484
422
889
500
439
533
197
605
682
621
984
823
43
327
775
340
92
492
453
115
368
66
365
567
512
823
701
222
481
328
917
220
221
507
346
391
92
145
51
325
14
633
193
846
278
862
622
199
309
979
582
61
16
803
461
755
968
437
77
357
917
76
784
784
389
834
488
366
491
749
303
89
525
1000
107
479
72
458
452
189
994
502
517
587
557
119
314
276
864
15
938
366
12
377
731
840
488
853
776
359
159
292
373
628
185
121
372
794
13
476
849
717
199
874
158
644
18
82
990
900
305
980
551
388
684
429
353
458
796
766
256
903
686
148
887
316
371
579
400
752
120
504
922
963
96
890
250
412
686
498
383
392
993
687
685
12
683
474
974
631
921
406
843
851
63
183
494
291
815
618
653
285
803
253
426
124
955
246
154
252
667
891
85
296
16
986
865
826
999
627
798
450
100
624
873
365
156
848
160
613
978
303
506
26
435
127
633
941
615
683
996
373
27
582
770
526
170
587
649
92
153
955
253
90
422
396
401
662
556
704
529
166
441
178
147
776
991
969
941
651
455
455
45
812
29
626
725
999
649
273
972
544
222
709
344
827
636
292
849
956
538
883
184
785
730
340
933
472
19
129
881
874
476
761
332
708
737
395
917
305
95
949
938
544
923
289
665
226
463
217
26
275
46
147
525
99
221
226
394
474
782
656
543
878
123
10
39
242
58
266
450
15
602
376
672
270
28
775
454
875
355
828
601
818
842
45
150
191
935
375
85
314
903
717
55
18
329
213
169
108
509
241
38
79
875
871
562
547
609
82
736
379
853
724
620
124
730
558
358
376
946
342
39
634
146
230
566
960
596
893
68
330
960
307
759
639
418
81
738
570
837
850
768
963
460
250
267
336
416
525
969
606
223
150
439
453
771
879
697
326
642
973
207
816
685
204
835
269
912
987
913
493
63
880
603
694
423
925
265
227
609
6
791
285
805
431
192
704
899
525
946
36
772
28
782
247
828
860
872
2
16
915
713
270
790
504
748
498
248
488
538
91
627
653
331
770
662
997
304
217
560
711
372
421
846
679
882
256
827
758
175
683
241
675
532
822
536
443
170
656
803
802
102
346
154
910
218
884
366
812
27
921
606
637
403
990
142
373
583
143
824
790
252
146
364
732
948
168
311
676
153
271
96
486
99
433
364
332
783
845
36
210
494
975
242
784
617
360
477
128
821
400
123
37
588
324
809
109
454
22
310
280
275
538
295
335
200
893
649
263
879
335
445
214
998
698
738
773
526
322
275
716
872
579
93
668
824
940
499
93
938
387
475
99
59
848
571
216
306
648
643
893
170
851
322
955
937
417
646
22
446
891
998
296
458
624
389
499
971
452
267
55
235
460
367
845
293
989
308
188
261
567
814
482
360
635
717
983
272
894
394
256
313
45
842
818
127
734
905
13
312
638
552
607
384
162
175
315
110
337
375
954
42
6
935
542
578
122
943
856
639
552
672
639
424
154
255
128
110
223
231
644
315
948
643
916
498
119
485
78
416
855
277
323
586
331
741
198
241
703
799
379
358
221
615
890
697
431
269
530
525
642
990
224
774
768
723
743
827
415
87
467
67
227
914
19
189
735
400
269
782
788
362
17
240
338
242
553
323
302
693
418
686
737
71
43
598
343
2
558
229
299
768
516
750
371
220
159
339
548
946
972
448
389
680
398
643
967
977
530
950
540
173
778
771
15
516
587
979
927
509
541
502
614
402
283
260
972
126
852
153
240
649
541
656
465
185
525
259
603
270
991
495
232
506
520
508
21
655
544
829
320
601
870
270
256
108
961
410
956
514
315
833
812
713
789
456
842
305
682
242
522
269
308
689
889
218
338
184
623
11
873
717
571
731
820
89
428
753
237
803
329
869
821
215
744
501
30
160
972
726
846
257
544
483
749
849
425
403
8
781
847
102
491
90
620
88
683
787
824
186
6
801
502
592
717
530
852
494
539
174
24
133
572
202
92
976
420
956
230
180
767
715
800
765
653
537
964
508
670
972
429
221
507
477
1000
582
365
586
284
980
828
21
951
121
132
679
977
148
743
731
120
496
485
999
475
371
226
981
512
356
746
408
959
440
655
17
6
705
320
538
483
120
432
92
841
185
75
229
879
306
315
451
337
14
537
701
489
32
32
852
475
749
197
978
81
190
548
946
959
754
30
393
687
474
499
992
129
527
471
698
975
276
888
826
977
739
431
858
389
89
848
21
699
780
157
827
815
926
845
879
158
552
922
983
388
604
48
586
569
630
896
697
486
12
40
682
139
883
114
820
934
995
370
826
371
673
911
621
843
74
691
970
123
472
31
25
976
219
929
777
9
559
815
74
539
114
856
385
425
731
91
337
643
855
796
163
884
460
938
412
953
182
529
303
797
80
938
950
141
638
625
52
829
987
941
384
5
432
111
353
848
787
565
289
464
199
981
754
276
569
869
185
823
398
576
162
663
140
566
908
827
878
693
977
941
637
826
712
720
287
314
489
111
182
585
332
432
725
590
952
506
663
37
313
53
390
393
793
821
25
977
392
416
803
48
475
720
191
517
328
256
32
780
312
877
725
293
36
474
737
281
860
71
122
225
1
876
875
404
960
641
440
839
716
582
833
43
418
429
659
949
38
554
799
709
497
156
775
599
315
955
447
293
389
166
500
341
205
525
754
425
623
532
559
894
384
496
443
432
348
205
857
278
716
530
151
529
677
765
139
687
318
638
725
756
812
892
974
300
918
384
442
729
825
576
873
754
468
958
759
973
429
766
777
976
516
684
552
758
663
571
22
563
908
888
303
642
541
427
778
829
210
108
661
148
43
860
921
723
373
723
426
676
498
980
934
522
97
429
215
135
571
855
269
453
494
371
993
88
762
288
346
554
516
542
543
861
163
705
83
724
717
471
702
291
83
55
955
726
616
113
785
898
88
537
161
930
841
698
679
915
45
159
392
594
832
130
680
803
78
496
610
794
764
526
407
202
559
469
852
687
430
121
227
572
708
825
944
973
927
999
548
806
640
626
802
761
152
404
876
733
640
556
363
609
112
370
750
128
150
420
508
275
557
932
614
808
669
500
734
738
70
93
701
890
379
481
864
288
952
267
350
752
514
27
297
908
406
916
627
68
902
959
425
491
957
883
692
868
682
462
839
628
939
268
670
857
769
876
668
228
812
611
689
522
940
927
398
243
187
640
974
821
906
878
968
397
984
93
596
33
925
789
798
495
597
389
816
722
190
719
897
617
955
256
603
783
987
683
12
237
99
497
840
322
144
739
525
139
366
932
183
290
923
674
205
800
259
791
91
137
923
179
505
36
147
32
97
838
267
857
753
230
970
58
792
435
318
805
729
920
14
218
421
272
16
604
940
126
384
30
396
442
776
730
344
722
590
297
844
577
704
719
140
704
321
84
428
974
920
167
123
571
773
234
335
897
642
695
19
87
928
150
508
163
358
771
110
649
622
966
192
391
313
906
507
88
285
867
501
234
36
530
767
441
283
227
402
301
837
306
294
192
771
931
43
482
814
398
229
290
98
686
140
253
76
725
76
607
364
638
57
521
587
834
716
449
340
529
700
915
741
194
301
830
589
902
167
860
918
34
892
480
828
526
390
453
101
225
611
711
2
66
108
288
558
921
92
170
543
90
441
931
359
987
160
227
338
442
832
333
839
236
800
229
238
774
316
972
282
800
114
702
338
789
870
645
549
624
909
345
744
432
905
695
519
211
598
765
656
487
898
759
779
272
383
696
787
990
933
525
965
788
855
576
759
373
77
742
146
503
57
814
179
723
296
62
931
273
856
761
936
379
109
728
566
214
993
306
696
255
245
88
384
192
443
177
65
561
796
270
576
576
771
415
796
492
216
405
771
29
93
757
768
368
440
910
889
314
770
375
399
382
901
936
524
232
23
627
390
385
711
642
70
357
994
792
547
858
748
971
650
67
85
240
233
184
434
69
404
962
871
881
809
269
561
839
568
9
747
770
60
848
586
747
645
833
145
260
414
629
647
227
563
547
557
644
383
988
144
285
795
227
235
103
155
262
934
852
688
791
458
996
690
202
150
395
412
252
715
473
545
799
580
882
735
87
265
452
316
671
540
777
149
413
496
617
17
734
778
968
241
312
191
989
689
919
777
275
376
686
636
770
724
549
815
689
583
919
61
783
313
59
885
1000
113
660
338
186
804
590
50
328
414
820
556
736
494
424
914
944
1000
560
960
154
120
367
8
977
867
686
856
72
182
786
374
182
637
217
434
364
939
66
868
983
338
365
91
249
216
997
250
799
770
534
875
570
762
595
997
423
360
526
199
98
509
444
553
469
142
772
92
320
77
714
789
439
395
724
63
134
460
310
235
242
158
194
405
128
883
843
179
973
308
472
104
385
256
629
497
42
635
69
512
178
31
602
537
938
122
403
260
662
539
40
304
208
574
105
866
456
510
251
838
785
628
383
895
690
963
222
577
124
547
62
338
505
734
769
708
893
204
986
867
361
462
607
212
679
90
421
998
677
178
849
457
943
600
997
625
593
341
786
655
996
374
323
962
746
365
730
918
384
231
537
880
5
652
739
896
113
297
402
782
84
160
731
811
478
570
532
5
188
687
839
700
512
28
767
449
650
225
49
96
464
844
60
293
121
867
96
91
559
991
958
809
21
226
490
166
890
685
419
921
438
301
552
530
606
496
798
995
871
472
337
485
783
945
710
255
156
790
718
897
321
368
647
103
430
293
702
390
554
826
455
580
429
835
650
793
650
521
689
149
444
27
718
14
657
802
946
356
694
552
592
49
422
323
773
278
801
354
689
827
623
904
113
734
258
973
788
89
639
88
420
920
937
182
651
638
875
431
757
314
153
56
641
699
695
293
363
703
444
428
239
703
57
426
883
76
394
528
622
961
161
747
689
132
91
479
201
102
216
646
133
480
661
138
741
531
625
962
696
75
917
76
125
529
877
653
208
257
187
925
843
466
399
197
573
424
231
836
666
181
197
317
964
393
108
620
20
900
651
358
576
618
402
604
474
857
793
703
887
451
878
177
179
138
207
723
819
273
889
424
252
182
84
735
665
394
306
924
276
236
465
379
223
365
124
410
366
191
375
511
606
526
93
388
638
898
244
4
966
352
932
273
427
34
923
307
435
408
972
304
362
827
912
214
998
177
809
984
897
740
469
560
468
459
137
262
418
904
36
123
725
688
906
225
183
33
369
132
89
755
673
521
98
789
976
656
739
219
245
692
360
435
973
527
79
799
170
971
229
577
115
835
617
372
569
968
126
94
592
619
899
60
132
953
689
881
948
614
641
484
791
716
402
787
121
403
741
115
219
14
861
753
599
190
658
136
933
327
961
676
378
431
950
21
220
739
449
634
383
834
415
253
119
702
19
481
640
777
451
689
33
407
501
185
135
111
648
89
167
240
858
776
112
466
181
292
512
824
386
184
686
737
880
956
720
937
134
263
654
610
722
583
499
111
443
362
999
853
716
148
135
336
580
968
296
136
475
7
889
740
524
655
209
650
940
298
405
269
900
763
578
29
146
102
739
144
602
929
761
282
370
888
924
188
184
951
891
215
632
843
202
853
217
360
614
799
242
124
987
243
767
176
433
469
878
919
873
437
725
858
811
300
267
308
971
199
492
703
512
989
484
467
640
614
647
521
723
675
227
941
500
767
71
68
576
728
634
53
380
324
968
859
113
751
233
732
588
512
236
140
42
296
730
514
311
266
629
599
220
843
974
12
175
676
529
892
846
572
676
935
101
866
446
303
553
9
721
758
280
908
813
941
140
341
358
985
231
892
920
411
345
672
664
484
668
603
946
879
282
598
862
646
280
37
446
283
825
876
527
642
41
690
558
159
110
788
21
865
80
282
285
691
80
138
163
539
110
583
782
384
204
896
555
770
638
454
444
704
712
557
269
162
609
114
895
821
436
410
633
258
495
129
851
731
782
337
457
826
662
479
913
936
906
12
830
246
511
20
983
623
272
189
521
30
953
150
227
101
649
37
385
661
228
986
750
424
254
967
14
344
57
283
381
569
128
647
263
620
290
224
646
899
36
423
510
660
745
895
352
613
831
256
669
586
136
965
548
64
194
994
415
773
835
223
530
409
698
210
917
148
500
663
625
27
461
670
153
663
49
485
855
157
344
699
559
581
251
293
541
820
532
410
541
661
66
101
86
857
758
973
415
760
402
239
520
634
328
198
996
12
792
187
472
775
108
920
313
483
389
363
571
632
569
487
173
454
83
714
817
606
268
185
233
84
962
189
786
101
911
423
199
776
404
252
556
535
976
530
886
560
801
946
205
247
793
416
292
608
285
744
705
487
882
518
916
701
404
283
677
822
177
946
913
947
557
380
573
951
873
314
702
953
555
368
639
50
16
153
289
128
565
394
223
772
864
288
983
762
384
535
546
878
690
482
114
222
382
699
446
729
554
398
311
648
78
537
716
270
137
60
251
784
501
262
135
703
896
699
601
692
611
79
63
896
633
805
441
110
503
785
501
606
774
356
824
712
853
16
760
514
10
186
958
690
796
505
87
975
290
214
851
415
450
406
657
159
163
81
67
340
82
758
162
273
730
647
275
609
489
177
316
406
41
728
977
990
280
891
454
338
838
391
915
811
743
407
266
549
10
225
785
178
736
352
241
914
650
825
460
633
568
208
811
615
531
778
22
167
444
789
568
840
139
253
238
288
660
299
649
705
10
425
693
914
639
894
775
700
171
605
192
926
38
171
388
803
73
417
192
539
654
448
594
503
419
63
443
407
594
132
693
206
659
776
588
951
652
991
229
837
219
876
479
25
185
358
271
672
288
400
268
67
317
706
666
325
692
860
924
598
385
963
660
137
374
450
990
243
967
530
196
697
281
454
769
910
40
418
782
335
124
903
129
656
298
477
81
900
928
967
117
96
749
167
478
774
46
354
563
452
375
276
183
858
703
557
116
677
890
892
768
246
274
815
519
98
733
205
732
703
546
415
847
768
702
835
8
306
755
887
585
829
543
622
221
719
430
332
403
217
869
967
207
716
60
570
312
771
295
168
48
831
620
676
482
547
505
831
595
141
688
964
599
405
129
949
51
684
812
308
220
330
429
891
654
322
652
161
896
218
819
229
540
710
738
905
443
748
385
317
207
508
434
341
868
544
937
466
766
925
766
59
911
644
581
162
810
357
125
587
424
518
766
611
648
418
590
937
899
777
644
327
367
636
98
932
851
498
979
128
111
267
2
969
897
378
925
113
436
27
821
608
707
299
206
735
483
24
918
841
306
651
172
630
227
615
685
722
588
941
886
935
775
999
577
432
182
267
699
257
100
433
403
286
988
953
295
744
214
90
712
374
478
17
119
982
306
787
108
387
373
517
989
654
753
627
36
400
199
468
894
985
632
430
679
44
773
777
899
206
470
744
141
303
113
49
532
908
295
65
321
46
244
820
468
415
126
899
700
445
916
13
368
724
824
597
799
20
60
266
5
265
223
967
560
475
827
407
708
764
481
702
764
343
703
176
941
270
401
168
272
687
423
287
676
591
323
133
310
229
572
604
135
478
703
91
569
569
983
508
154
41
415
791
384
426
890
432
733
636
914
136
385
970
51
67
912
840
136
401
656
82
744
710
574
683
348
178
690
150
361
792
314
80
313
487
938
434
516
636
238
922
290
338
865
194
517
640
552
804
435
69
870
495
182
590
334
25
264
994
131
14
392
300
789
753
927
856
343
586
782
553
677
714
434
435
283
461
359
268
51
672
912
110
194
144
841
950
867
446
443
842
571
620
323
513
879
342
189
191
332
651
677
927
736
80
970
936
980
427
573
37
475
738
528
175
760
321
106
18
611
840
926
233
782
951
849
447
696
654
910
947
72
339
783
838
376
467
265
858
21
89
958
620
315
497
397
202
504
322
47
127
390
610
54
765
935
561
183
364
212
786
993
339
565
36
136
607
219
909
871
604
537
261
1
427
971
905
336
173
430
905
126
484
852
441
92
849
984
979
733
914
959
692
764
718
111
685
661
990
297
588
569
641
660
774
137
975
974
701
125
784
263
790
560
257
271
379
848
810
168
807
998
370
860
159
126
885
146
951
437
721
869
107
334
978
404
6
565
794
546
738
395
865
553
915
297
921
37
942
638
918
813
32
72
886
737
824
17
92
776
448
737
763
470
150
746
909
439
612
712
247
662
45
584
34
824
761
84
718
397
131
612
797
491
724
399
955
621
398
165
66
142
234
337
696
405
708
458
694
182
766
832
780
301
611
144
786
186
54
206
19
700
632
523
963
544
493
667
25
463
215
260
797
775
525
346
52
783
252
877
690
49
8
982
769
815
979
321
200
536
363
87
975
210
727
295
830
585
7
79
327
858
145
823
901
928
668
278
679
476
888
647
990
58
520
704
231
778
597
929
682
542
768
189
420
559
162
61
254
390
38
381
147
393
670
893
53
40
179
296
421
627
33
708
875
580
596
171
241
23
464
723
988
627
973
690
134
187
978
12
50
200
120
749
698
699
804
131
215
841
768
108
540
710
248
502
107
358
655
459
38
797
178
227
146
471
307
202
407
548
100
894
705
157
66
263
130
629
129
988
607
170
438
49
696
96
927
330
68
972
546
501
375
745
807
519
460
521
284
282
489
706
595
669
433
926
158
938
931
725
626
850
490
254
373
592
70
410
830
439
359
742
314
28
820
366
814
786
865
816
801
298
41
47
41
375
655
670
889
421
590
249
821
479
559
925
588
290
439
989
232
200
129
685
665
554
600
891
615
243
555
83
8
25
295
539
873
881
298
638
30
659
441
862
208
15
542
936
530
712
704
35
308
459
255
746
59
49
433
702
203
518
862
976
406
31
999
292
279
187
657
695
13
233
623
506
936
485
762
144
716
869
245
568
677
585
393
732
464
397
383
454
190
624
586
329
369
426
797
239
191
894
72
416
352
979
488
716
573
559
16
287
24
212
825
167
273
993
41
481
996
108
964
254
239
106
55
154
460
873
509
355
581
852
471
744
499
573
779
158
848
70
713
690
113
292
80
555
521
30
774
21
895
546
190
87
263
57
566
527
599
383
515
214
980
76
76
886
898
493
802
259
200
880
408
528
85
768
426
830
86
788
920
941
322
159
573
757
659
314
457
21
243
850
278
432
515
463
487
677
936
468
291
51
608
1000
403
82
177
759
238
325
384
225
458
832
13
918
832
624
710
802
974
851
1
578
806
491
187
417
107
790
992
23
332
808
560
570
854
439
90
708
462
320
848
786
397
910
223
258
538
457
778
282
859
191
727
93
97
650
654
508
597
865
426
783
418
129
554
760
207
551
476
16
947
565
936
150
42
857
683
736
442
50
424
39
847
769
670
66
910
37
543
445
144
468
767
646
599
993
488
794
871
735
15
81
522
302
676
936
429
511
945
250
287
53
999
377
653
386
49
821
991
264
340
316
408
454
904
889
497
145
409
7
4
853
334
430
551
271
809
22
587
608
229
221
708
373
496
839
123
307
788
317
864
676
698
997
650
419
317
353
178
444
209
802
242
409
732
32
750
411
527
795
54
129
59
95
817
718
45
882
450
627
996
879
563
58
704
641
962
839
400
968
476
143
474
16
4
561
632
833
954
529
949
856
578
129
250
731
20
521
36
404
58
496
896
182
283
279
594
323
246
777
979
543
576
252
200
334
386
818
948
432
528
483
137
430
268
340
508
622
948
514
616
290
321
39
356
455
595
816
367
570
147
533
963
282
417
792
889
699
822
614
927
543
624
782
716
255
356
430
837
114
696
857
377
169
71
106
470
692
625
316
448
180
854
772
516
851
953
498
587
532
718
595
417
757
979
77
458
480
305
18
640
286
909
742
284
849
175
429
60
464
127
106
1000
212
551
307
666
500
30
282
382
358
10
111
970
664
897
885
293
726
96
389
267
192
982
813
430
798
245
577
207
150
831
430
360
729
797
929
916
527
277
315
402
104
187
717
62
894
28
507
55
867
583
867
180
609
742
195
272
703
552
674
336
493
32
27
16
234
79
897
268
313
659
945
353
550
188
397
116
529
647
224
420
690
870
52
583
262
769
946
665
611
160
836
96
524
131
685
509
63
233
486
557
737
367
705
766
981
711
654
640
209
226
935
957
489
149
62
303
764
337
246
965
223
300
304
539
246
502
40
404
856
520
575
334
35
918
977
724
561
227
48
888
682
592
385
690
136
113
883
722
416
380
906
521
473
634
739
912
55
399
890
531
744
263
498
528
788
121
766
908
162
269
171
587
48
765
212
795
138
525
144
996
146
840
350
748
693
813
736
786
238
127
802
150
53
441
161
99
184
712
126
529
933
325
35