312
833
506
54
644
941
264
172
106
988
977
47
611
3
606
598
233
189
181
973
574
353
304
402
35
284
698
849
289
511
861
49
847
214
437
602
978
113
471
454
999
727
682
441
632
246
339
684
879
653
861
812
308
227
851
378
247
869
370
829
280
140
462
144
999
843
517
949
485
761
390
20
519
124
611
156
342
599
113
159
665
1000
380
142
539
501
930
192
540
466
184
519
231
909
293
876
149
940
673
22
238
423
908
828
857
53
596
696
599
627
701
842
115
438
449
416
35
583
80
495
105
365
539
842
679
699
311
75
720
185
875
659
802
820
816
881
576
944
405
64
791
43
809
760
62
964
722
932
770
738
346
755
615
720
650
72
283
881
212
378
508
857
799
347
240
53
814
150
150
200
723
108
357
102
388
500
917
40
953
904
440
695
614
468
624
514
400
144
131
121
746
227
916
303
332
392
797
964
985
371
141
450
511
537
949
31
965
94
117
770
883
193
668
342
120
756
635
236
717
534
809
490
753
568
761
22
112
918
638
333
29
814
154
263
349
701
648
149
569
557
889
619
920
575
826
5
795
933
152
415
261
162
939
603
923
846
260
95
259
822
95
21
416
612
808
534
702
919
65
686
675
905
936
636
313
532
491
854
510
719
720
6
499
227
345
597
619
880
819
114
461
686
420
937
821
583
324
488
40
847
74
999
88
436
331
416
855
804
72
654
880
969
576
890
62
314
858
994
29
202
960
569
264
21
987
627
467
659
781
722
119
402
967
283
404
210
468
125
225
138
182
275
814
96
895
747
351
443
100
667
60
788
331
881
48
850
432
323
158
146
854
176
370
484
723
170
507
948
548
208
120
58
13
194
621
230
264
667
907
560
595
483
943
872
469
475
741
547
655
468
588
907
301
221
297
627
766
424
324
668
254
595
855
182
400
766
607
774
217
197
267
162
876
444
643
577
517
717
252
241
359
605
23
292
583
350
848
926
559
515
241
955
697
82
919
189
429
649
399
2
542
381
493
804
609
82
425
285
679
958
272
930
470
221
832
493
778
765
516
649
471
689
259
736
607
851
155
187
55
803
296
338
480
41
750
791
774
234
544
569
990
953
687
771
123
2
411
942
856
208
155
853
997
669
114
414
65
926
267
991
891
585
870
963
476
869
851
121
923
171
174
625
784
300
759
430
723
979
301
348
112
795
915
113
356
872
360
626
198
792
378
839
395
264
696
277
349
101
376
398
727
590
893
590
478
584
514
264
289
147
119
470
851
804
887
468
49
341
78
952
806
76
412
871
293
595
481
579
983
953
911
872
232
721
786
155
735
971
784
451
721
275
213
265
206
29
113
75
730
352
872
571
848
408
779
267
545
347
577
155
118
16
407
818
267
958
21
759
283
908
273
550
286
224
446
136
939
314
547
701
849
95
607
35
288
446
483
646
216
879
502
979
853
844
472
665
321
157
551
159
770
242
19
830
221
392
273
9
391
687
242
553
740
264
927
441
649
578
817
774
844
576
443
850
125
860
377
83
106
916
828
920
412
771
94
578
383
922
875
43
232
533
478
87
983
889
751
837
257
913
548
504
237
117
770
168
771
927
752
462
603
493
475
163
836
508
876
330
312
862
883
189
3
264
432
484
479
530
913
854
831
79
709
571
739
286
734
150
425
797
348
70
245
808
895
219
716
81
516
855
858
595
650
107
356
497
710
332
796
337
606
627
451
36
667
182
407
723
903
959
947
530
743
566
907
85
250
781
675
573
577
197
870
367
247
656
332
891
366
632
850
141
675
665
669
591
705
929
515
342
394
996
665
616
678
512
734
129
982
723
294
929
143
148
248
167
909
754
649
170
589
338
849
161
707
80
885
678
147
356
639
28
545
328
172
750
600
384
814
15
451
831
329
661
833
119
46
873
702
36
712
97
735
417
802
599
161
86
856
287
669
365
766
890
736
764
708
885
738
95
601
914
288
758
255
822
426
775
598
246
701
65
983
382
198
828
68
381
348
584
589
889
265
656
398
131
400
724
993
527
725
460
90
748
561
996
214
19
905
347
524
410
914
509
327
222
682
177
221
358
579
707
468
396
486
227
448
115
427
85
366
998
669
152
954
658
165
652
135
495
577
898
611
38
555
166
224
671
458
555
404
830
841
983
639
424
315
240
224
101
844
192
856
376
709
431
197
805
954
931
293
476
738
180
645
143
265
955
279
140
714
295
655
604
894
892
438
649
977
166
333
981
725
375
338
351
507
587
537
101
38
888
640
306
42
699
576
348
948
937
211
166
232
622
382
791
474
866
380
423
602
51
507
472
806
234
444
753
926
346
949
205
408
6
793
453
291
447
782
822
712
956
897
988
881
228
402
744
315
669
182
906
1000
732
62
280
765
680
54
620
615
217
961
782
470
546
989
665
153
564
45
435
991
305
156
806
118
973
875
840
417
830
222
971
624
343
933
467
165
101
719
83
880
770
172
129
443
664
68
128
896
29
82
279
466
993
712
660
438
654
84
405
496
401
960
856
549
114
501
484
374
499
118
144
657
80
386
52
494
904
878
226
154
509
479
84
872
793
740
150
353
203
81
966
217
726
846
595
412
946
854
292
466
191
711
381
851
230
718
136
836
285
678
422
515
299
734
466
564
583
967
851
248
746
236
883
370
390
474
49
648
122
509
762
961
333
105
849
263
434
423
95
737
205
767
40
740
241
879
98
924
341
916
551
460
319
959
965
988
11
580
957
256
729
799
721
609
620
647
703
715
395
679
735
160
996
212
181
872
305
935
43
896
188
899
63
863
233
845
597
552
836
995
165
409
234
316
443
17
172
225
41
490
109
8
77
982
999
22
821
837
867
197
978
797
570
204
619
537
526
427
430
787
333
689
888
219
781
183
701
361
377
121
785
19
514
526
51
110
793
423
971
799
652
717
3
881
951
770
57
554
235
762
109
839
643
53
822
305
211
399
322
422
340
999
94
739
32
616
164
175
681
975
53
669
95
732
910
28
385
783
251
271
899
995
584
967
514
600
970
908
794
75
234
43
428
808
409
467
542
648
114
327
88
863
944
232
235
986
148
41
769
58
346
763
666
313
374
866
140
99
687
962
896
389
447
73
604
888
20
145
977
14
357
981
128
395
591
433
355
403
859
568
115
370
576
256
878
182
798
334
67
247
263
34
490
373
282
755
967
201
153
556
39
665
737
957
215
680
638
227
455
145
254
954
470
63
219
755
420
392
233
534
257
742
110
566
951
873
727
101
574
960
202
559
881
330
845
423
521
691
647
413
690
37
636
262
762
896
709
473
4
347
300
56
344
932
408
268
719
360
572
444
24
825
688
35
827
711
914
155
822
352
273
641
822
608
338
839
485
350
437
510
621
388
75
545
220
606
890
515
438
824
120
417
914
105
652
859
517
368
229
393
578
993
238
451
567
343
843
327
547
885
728
142
155
730
123
573
532
84
900
256
827
555
115
351
178
15
645
138
333
598
992
31
849
321
49
597
189
877
839
223
478
678
484
873
451
226
239
116
992
63
530
529
311
804
155
483
402
188
623
230
257
91
843
938
878
684
206
486
605
400
111
189
870
488
226
756
923
471
374
397
4
342
632
546
639
98
433
826
442
22
25
210
571
726
934
28
46
645
234
171
333
778
852
881
838
472
346
661
344
171
47
649
511
587
550
242
559
318
822
863
693
512
694
611
257
869
222
629
650
727
947
105
939
559
442
3
864
626
376
601
941
822
577
423
537
173
805
313
156
952
468
684
254
916
643
102
87
357
797
173
560
518
937
12
445
176
379
235
259
888
510
373
541
556
294
642
351
177
52
611
575
477
995
947
83
80
115
65
83
994
323
170
503
3
440
7
138
867
941
225
841
52
513
726
237
955
418
533
406
782
458
713
279
219
483
866
633
143
117
693
158
632
419
216
476
256
448
433
711
440
89
966
654
399
621
276
310
674
499
34
353
846
163
188
262
619
243
820
255
874
920
749
527
495
719
507
361
972
198
725
495
436
671
276
279
338
638
945
676
775
905
257
584
83
415
124
635
892
471
992
844
803
997
580
227
521
237
416
380
310
614
799
173
177
68
784
191
345
178
274
940
948
819
444
641
954
172
485
931
923
487
637
254
17
771
547
410
271
68
52
660
524
118
769
657
333
586
234
147
118
30
766
338
681
656
119
523
905
125
17
500
586
74
842
342
248
230
426
628
748
49
309
483
436
156
910
809
95
397
275
120
108
824
544
879
21
85
592
735
249
752
189
704
22
184
191
964
450
252
738
253
220
604
715
301
895
695
742
452
136
246
745
492
89
567
846
956
279
145
855
640
343
896
714
519
126
210
600
126
626
810
502
106
25
543
69
831
782
876
84
696
520
534
676
958
242
472
498
221
203
969
998
458
956
690
224
961
885
695
169
77
151
93
25
197
692
304
607
695
42
441
351
44
650
195
609
707
657
347
860
16
433
938
219
631
985
732
480
142
881
629
521
134
806
519
753
201
911
433
815
553
664
895
730
462
96
787
664
210
747
961
842
989
47
549
142
511
879
315
286
46
445
328
207
765
309
631
613
66
912
258
766
898
778
432
548
217
129
872
550
849
843
226
102
654
355
594
638
347
654
758
416
728
585
930
39
652
394
948
921
633
102
582
676
160
874
371
471
95
167
617
912
371
751
143
499
65
343
35
65
211
793
311
895
898
945
472
878
682
615
837
810
731
378
436
246
653
181
350
720
638
577
255
295
846
229
403
217
42
323
671
140
98
342
627
912
860
90
962
626
94
443
660
268
888
767
11
896
852
598
7
154
42
751
495
547
669
295
945
846
202
459
825
110
703
440
336
585
140
906
760
284
604
81
477
72
453
311
972
352
630
258
346
581
842
305
530
636
526
881
689
660
922
306
963
181
350
830
596
178
576
716
147
304
211
527
237
436
437
908
325
896
584
795
10
653
234
981
770
569
509
491
953
404
678
494
745
705
60
808
808
639
467
472
103
378
613
185
480
237
371
240
860
763
187
559
276
419
785
86
433
96
384
812
878
295
600
813
163
482
457
164
388
219
803
435
522
500
473
707
167
717
788
27
451
517
299
823
753
311
67
684
719
217
989
764
271
491
963
929
874
592
772
314
257
76
664
578
513
48
958
441
573
458
167
984
942
209
205
200
78
959
104
37
324
376
403
176
535
547
303
550
133
69
676
59
452
957
793
719
180
866
654
484
749
622
580
590
125
233
344
679
534
147
529
951
46
933
891
330
216
955
802
713
827
947
232
410
122
42
50
483
538
189
850
280
610
243
593
399
86
628
493
894
632
263
753
394
571
119
164
209
727
389
777
635
844
605
112
202
141
905
922
594
593
543
979
628
579
19
169
616
775
479
154
282
622
996
410
878
457
166
238
261
454
85
431
297
822
670
923
626
116
971
548
362
33
998
918
48
206
280
46
497
414
416
35
256
295
641
646
644
248
821
720
729
825
447
291
551
492
634
760
258
378
573
882
125
653
8
111
854
449
702
361
911
946
28
853
962
811
310
465
643
858
795
687
555
936
389
301
310
970
211
770
908
867
340
629
828
362
22
920
980
440
748
636
185
586
646
94
739
772
559
338
94
172
676
745
507
981
854
460
276
473
71
59
594
611
780
452
52
912
715
291
787
321
476
597
285
134
487
538
698
6
902
435
518
219
13
75
15
924
245
264
125
35
204
334
552
488
460
104
89
379
558
381
83
983
289
659
732
268
88
326
985
303
356
191
431
571
496
711
485
504
479
503
790
454
492
840
233
638
345
722
901
806
393
356
544
319
427
119
641
877
822
108
852
899
310
50
117
129
782
813
813
331
475
643
651
431
7
825
303
718
154
443
381
877
180
211
190
637
220
489
25
544
197
232
135
463
203
141
629
434
571
67
658
373
43
113
247
745
842
404
400
67
651
713
172
498
724
998
371
148
619
493
125
940
647
399
337
714
638
725
237
923
391
952
170
124
794
815
84
96
108
418
522
987
294
732
154
244
258
592
806
135
459
732
702
630
183
824
722
755
408
410
630
462
571
483
40
296
881
284
270
707
667
15
13
918
458
712
122
720
133
786
154
951
684
21
748
669
891
422
153
534
261
513
941
865
695
707
296
605
982
605
172
182
651
945
326
337
514
744
508
236
227
685
697
999
819
126
576
649
359
756
590
947
350
793
945
692
826
395
34
531
856
996
161
948
795
458
385
500
347
479
727
972
971
791
678
203
248
795
696
453
356
11
750
246
397
609
296
945
93
123
6
842
839
492
302
919
829
644
997
116
214
401
21
672
613
606
160
565
266
759
29
711
917
626
280
164
751
603
59
767
383
786
312
780
370
100
345
287
499
181
894
202
502
463
144
190
1000
975
313
814
886
103
611
817
471
155
384
858
93
796
166
706
551
551
107
546
890
562
226
783
884
276
739
135
369
735
754
370
589
115
824
556
798
36
308
48
873
359
383
237
678
561
951
246
996
660
569
891
1
326
134
852
349
762
501
165
732
486
125
627
494
921
93
12
900
368
447
838
493
658
416
53
208
159
767
951
883
875
629
55
348
145
400
274
215
230
752
91
202
311
492
613
875
789
769
677
318
821
782
441
943
634
198
762
256
534
479
528
836
34
621
830
599
486
846
309
464
881
606
962
725
545
230
157
589
37
421
506
176
732
32
663
130
409
50
280
561
475
928
529
363
960
295
583
137
638
902
415
600
330
416
38
800
304
195
360
687
932
793
207
78
36
342
621
110
27
446
84
345
528
550
298
198
737
718
596
175
378
39
968
180
959
454
684
370
762
172
446
604
546
471
558
772
834
656
533
473
647
478
226
139
860
871
475
287
174
134
57
515
355
106
926
911
788
103
100
89
557
908
923
357
397
644
845
473
300
374
651
876
702
493
262
678
453
641
234
885
957
585
711
722
819
225
614
179
191
781
959
575
582
493
912
671
297
401
493
14
887
801
184
819
457
402
87
882
223
331
555
277
526
895
813
767
224
420
142
46
108
914
150
226
12
439
743
388
536
16
979
634
364
47
816
478
743
73
972
156
365
497
976
421
343
925
175
447
419
622
36
837
363
328
682
700
273
811
359
318
762
991
105
850
32
107
691
62
408
199
5
625
491
184
524
782
300
363
384
945
290
314
604
342
876
700
979
606
530
869
44
985
42
182
212
589
31
310
11
392
819
608
752
62
644
197
779
636
516
395
693
83
951
869
588
835
103
60
406
823
59
105
417
506
753
419
41
18
705
935
370
10
245
698
594
803
396
197
962
406
10
401
461
968
263
350
609
320
482
980
123
902
174
651
846
109
845
36
210
194
923
865
427
123
546
485
793
206
566
95
106
268
540
713
882
557
455
635
466
778
683
154
69
887
737
242
392
363
598
25
271
685
670
236
324
202
132
182
824
720
354
797
318
593
811
230
554
322
455
620
551
387
90
452
530
917
594
145
64
316
744
485
106
577
601
716
471
552
331
87
36
635
220
235
115
702
772
123
887
911
242
424
634
962
141
444
334
700
627
513
611
809
21
884
322
417
772
924
152
441
636
611
98
770
336
309
221
624
856
708
483
289
762
108
242
347
920
774
539
248
56
883
249
889
322
142
6
389
241
298
350
437
680
443
715
284
94
916
936
237
663
869
861
776
497
672
871
161
967
900
355
162
714
835
923
378
130
228
517
264
15
213
71
612
925
328
271
930
418
619
103
555
440
562
607
139
985
943
751
136
322
634
989
866
299
980
427
228
611
536
182
503
39
167
786
203
35
776
28
578
123
149
485
766
793
398
101
143
508
3
598
1
485
709
494
146
723
888
608
171
316
297
673
656
692
532
429
807
613
3
472
600
722
261
310
855
273
182
659
754
586
608
59
150
865
886
911
344
94
771
548
237
828
878
158
13
645
69
333
187
19
309
489
905
861
858
180
231
43
102
691
574
737
2
345
2
687
201
472
107
399
752
568
265
401
332
863
947
908
230
111
531
402
638
941
845
505
202
978
635
361
512
155
404
633
154
316
255
688
285
968
720
356
487
20
315
41
375
497
315
711
811
330
829
784
960
58
251
712
810
517
647
858
15
944
959
200
643
940
501
259
483
128
340
301
443
119
98
111
938
826
695
901
712
928
773
231
594
97
679
42
531
738
327
841
462
634
33
342
777
616
193
94
355
730
98
499
406
706
706
15
473
793
765
385
622
822
79
90
338
416
463
849
332
626
45
121
104
9
433
115
705
774
131
200
746
540
301
803
434
853
141
959
150
645
740
186
318
326
243
306
427
173
241
485
1
468
19
447
841
448
391
960
561
541
106
234
292
462
685
675
100
99
659
261
475
234
488
290
765
435
698
342
936
723
838
315
251
316
826
599
605
127
793
588
627
183
729
953
682
200
219
155
811
181
370
725
476
417
648
448
863
866
944
421
108
453
385
427
701
400
858
644
949
57
844
423
4
353
836
43
286
152
946
657
618
4
276
519
36
271
942
27
157
638
338
308
586
677
779
623
104
272
263
186
593
713
772
684
964
109
236
312
2
56
302
616
780
521
459
6
892
799
153
854
825
785
570
673
330
260
154
245
307
565
168
937
196
477
311
855
679
130
731
416
490
131
494
201
502
708
456
376
973
987
315
911
673
126
663
149
497
659
271
223
75
11
565
167
245
439
515
741
584
616
106
592
504
768
638
31
368
182
38
652
904
864
370
116
437
240
403
625
992
633
429
508
55
763
33
411
135
302
620
754
290
815
304
472
867
192
408
434
619
234
308
472
884
902
792
908
378
258
162
196
394
36
897
599
16
45
641
855
514
239
586
362
991
276
411
191
240
148
794
563
495
164
454
661
195
370
862
11
27
781
30
154
872
503
508
605
601
785
222
900
273
825
81
249
61
397
610
939
435
143
979
663
731
965
367
596
45
779
738
627
816
870
849
866
167
977
749
134
755
901
222
247
520
942
278
969
585
552
833
636
689
148
651
991
334
190
609
199
627
543
16
266
445
151
72
106
804
622
317
970
925
367
532
72
476
256
635
791
439
127
515
25
176
57
662
193
61
244
383
428
835
125
842
122
565
57
506
920
215
982
410
359
267
232
500
726
485
311
789
18
501
297
72
793
817
62
962
511
222
716
941
410
314
435
813
462
914
111
368
671
692
710
367
752
218
29
337
830
266
903
594
131
926
677
960
654
623
128
807
920
490
677
276
875
544
276
281
578
736
333
409
139
739
526
206
387
900
538
706
687
625
362
17
309
601
85
110
292
279
682
274
409
297
964
323
812
135
362
38
771
836
173
174
349
4
934
120
750
55
11
255
444
213
94
332
361
205
732
937
595
914
950
428
95
128
841
511
544
594
930
409
31
427
89
396
339
267
612
769
136
848
41
384
499
852
65
891
877
470
703
324
217
816
420
183
955
859
552
536
83
855
286
489
921
220
406
511
246
698
332
52
617
923
282
977
334
879
976
297
78
676
528
811
142
569
72
356
486
580
725
414
320
552
506
349
582
626
391
246
540
246
665
331
650
201
230
731
436
634
332
292
662
824
974
822
551
410
160
694
742
974
159
344
931
83
666
507
992
663
677
918
246
441
967
167
757
527
857
335
930
915
609
340
801
912
68
654
176
782
959
890
507
263
684
706
271
396
660
965
612
15
163
884
905
754
676
550
230
825
572
381
291
886
120
292
807
670
330
599
199
919
611
621
308
80
745
185
111
161
458
99
298
671
703
855
433
885
935
836
688
708
116
885
945
509
655
800
848
523
876
269
167
657
685
291
853
918
52
316
871
1
704
265
895
871
577
536
253
158
713
602
150
683
882
9
106
997
812
391
499
457
542
187
465
50
554
753
211
136
164
296
284
348
504
424
170
346
982
625
463
852
683
491
914
647
356
71
621
494
61
358
371
752
39
320
615
354
317
131
59
773
439
451
82
576
952
92
87
982
947
64
446
46
65
458
260
514
750
516
156
258
819
790
791
430
294
582
616
348
905
573
369
849
119
366
447
908
488
322
220
941
114
102
888
752
714
858
797
189
669
233
679
201
677
793
495
385
619
171
458
573
541
663
130
358
895
938
799
950
962
176
907
61
894
877
997
962
352
575
670
737
908
466
763
103
228
591
714
871
114
122
71
447
967
558
480
625
807
762
380
34
590
323
807
100
498
737
710
77
61
623
726
314
872
950
161
429
561
727
662
331
773
730
536
57
381
543
577
388
85
644
1000
798
565
507
58
655
865
695
670
627
383
924
223
570
368
221
54
675
429
684
283
84
890
627
724
828
337
928
898
189
231
692
142
940
207
770
206
385
84
113
411
11
693
227
563
818
788
567
817
402
546
481
299
650
938
466
268
259
457
779
199
932
817
624
470
289
269
673
562
472
908
474
648
152
531
15
816
848
25
164
431
145
853
468
385
446
823
244
992
728
324
499
501
249
493
375
926
670
445
65
988
74
723
875
929
260
631
437
12
626
669
460
452
196
8
467
305
86
241
25
277
376
641
261
681
636
57
995
844
375
109
672
18
366
35
939
706
578
430
729
594
213
83
706
240
252
553
927
813
104
93
894
829
880
135
404
287
88
509
848
254
664
626
333
20
704
720
525
460
526
523
107
348
99
343
918
710
516
35
214
612
945
35
291
186
467
54
858
941
140
326
754
825
491
709
648
561
376
621
763
414
278
651
317
416
722
647
673
618
921
232
679
100
80
170
492
29
903
485
917
898
385
242
503
628
150
972
206
374
82
852
644
371
29
447
972
210
460
233
950
300
690
621
770
796
628
718
675
670
262
33
178
700
26
422
504
540
206
773
479
826
153
375
409
622
791
379
888
894
323
975
10
879
220
23
929
166
586
710
500
76
373
274
632
197
104
2
69
590
325
68
994
276
880
9
161
372
322
960
640
193
405
489
408
597
384
641
894
881
192
237
361
240
418
510
142
904
470
578
47
138
394
528
752
313
753
411
664
329
676
898
563
295
579
329
413
594
670
611
873
81
965
796
5
149
633
968
219
579
792
494
129
599
670
268
182
212
465
717
512
332
823
677
239
530
929
668
990
840
878
364
250
89
30
372
404
6
505
786
572
700
726
540
984
162
322
421
148
816
136
59
31
763
990
53
160
105
1
374
968
942
990
47
90
599
328
55
69
169
550
554
345
213
702
551
492
61
322
359
216
641
593
92
341
975
273
814
390
602
391
545
9
225
146
16
841
558
35
698
555
636
475
742
901
466
437
933
674
532
358
229
445
316
106
742
384
595
738
351
356
437
738
545
292
561
151
663
141
318
217
404
505
494
756
801
336
408
81
38
581
17
465
346
117
256
817
196
236
599
646
709
25
279
180
393
651
749
109
123
477
494
453
51
783
256
613
853
694
680
760
282
722
762
806
861
61
147
983
249
445
755
323
611
822
692
410
201
545
402
900
346
654
865
262
76
843
313
419
66
73
45
902
92
1000
902
886
719
940
826
943
136
305
880
842
56
553
766
104
845
426
530
386
638
172
323
659
670
727
711
29
303
450
750
100
220
290
29
596
527
443
591
731
394
218
629
200
864
257
456
821
907
226
794
549
904
535
31
182
575
303
613
750
645
179
979
708
606
647
190
641
793
688
104
785
27
55
655
91
42
338
502
774
968
953
983
427
816
85
993
778
479
631
468
922
794
670
284
702
264
974
117
118
333
227
607
503
467
409
448
550
538
435
834
559
996
261
142
347
132
387
71
549
817
202
169
563
806
726
60
115
169
197
484
270
287
633
878
755
797
477
99
63
185
817
102
937
920
690
709
387
789
344
505
97
465
457
801
248
688
565
76
636
515
160
668
870
218
695
211
144
577
654
336
556
119
737
461
259
564
955
446
645
995
755
387
385
349
700
443
915
669
793
644
198
38
49
163
209
473
290
238
965
719
556
480
484
536
977
836
647
862
691
332
232
574
805
741
442
457
644
495
998
382
864
843
111
292
820
371
586
526
975
247
751
631
835
988
94
423
927
864
151
421
643
247
701
70
489
672
42
305
37
35
936
231
433
482
90
847
491
514
57
882
556
214
36
98
351
339
460
319
55
233
116
432
169
962
263
264
818
174
134
738
41
263
597
297
686
486
582
796
213
467
267
639
212
892
492
10
402
843
288
530
975
862
568
954
569
524
745
360
512
616
446
323
649
922
547
544
818
415
326
840
185
997
234
854
88
647
730
220
188
677
543
185
8
345
264
992
223
930
65
316
664
447
379
159
594
683
186
317
49
451
757
273
860
250
665
716
353
895
145
459
213
249
952
164
435
871
131
862
576
842
875
958
416
804
198
618
103
712
398
376
833
514
281
228
732
332
317
298
483
290
672
953
230
505
795
45
34
484
616
173
50
264
855
833
223
262
943
955
704
140
814
224
763
955
661
850
963
975
245
885
447
747
42
549
462
494
863
101
373
44
218
173
857
363
515
796
416
868
443
248
858
284
780
752
399
424
161
298
39
951
363
235
920
567
734
4
310
264
63
965
229
194
571
597
116
305
641
509
249
879
803
104
467
264
118
994
625
320
389
687
145
386
916
370
383
743
74
827
474
590
692
452
568
470
406
440
843
949
180
717
369
864
996
678
527
311
914
612
133
88
637
713
461
976
965
767
649
696
635
867
719
245
438
883
557
423
286
277
608
184
650
415
689
532
498
392
228
154
347
188
356
415
439
960
390
844
431
941
413
575
472
823
572
776
484
106
855
601
802
349
178
691
173
240
307
593
660
913
739
971
300
91
329
550
929
499
418
423
549
858
802
769
370
305
490
981
605
535
271
486
742
619
663
127
577
566
949
966
495
742
336
816
469
819
1
192
900
332
757
833
385
837
487
433
865
290
153
467
237
788
611
903
96
972
263
632
663
111
829
313
348
653
61
105
648
549
179
58
830
45
450
191
228
647
459
955
716
431
633
435
185
648
693
83
720
734
478
554
667
129
771
655
389
889
933
908
114
630
686
416
165
724
852
155
350
351
630
864
179
693
214
390
819
1000
979
998
965
417
598
507
763
449
792
459
796
620
114
467
526
396
122
843
110
505
424
911
744
466
510
858
866
898
969
145
946
123
296
650
729
767
165
838
354
512
793
400
642
712
142
245
487
313
537
919
467
29
706
578
445
94
509
911
978
820
854
777
620
6
114
784
193
6
980
674
34
1
638
627
870
780
879
595
118
723
589
72
107
890
599
453
234
551
206
532
495
238
175
851
489
428
396
562
473
259
539
612
523
346
652
230
385
212
960
672
8
904
326
450
989
462
118
497
666
907
244
810
786
426
69
607
767
55
91
54
863
871
524
632
229
284
7
66
952
109
410
453
152
590
691
894
551
853
315
313
693
317
56
366
1000
658
31
244
40
360
397
531
707
392
163
592
674
123
566
880
386
844
617
858
60
894
905
416
394
384
510
333
807
459
488
425
85
526
500
554
282
619
644
504
753
377
698
34
486
167
991
529
730
495
812
561
407
74
287
35
817
467
996
840
403
376
931
219
969
54
559
720
748
700
305
359
441
46
680
246
456
676
376
177
26
31
244
382
112
622
646
1000
497
352
909
259
518
890
476
724
898
337
863
991
643
645
945
434
30
37
214
102
414
696
519
456
37
222
160
59
221
352
794
428
746
960
852
75
148
303
587
326
423
55
211
154
228
210
577
812
623
355
632
159
283
879
984
741
291
983
500
838
70
158
949
956
510
912
71
575
664
658
558
331
994
954
594
654
216
895
713
586
813
677
861
272
925
80
849
240
183
884
44
269
214
365
345
225
795
440
592
462
876
911
206
704
35
673
944
518
87
525
564
683
332
517
598
866
367
689
973
475
996
483
755
134
391
167
433
167
319
184
344
186
550
351
970
512
6
165
947
459
676
14
926
199
272
447
375
980
878
962
912
850
412
9
603
472
788
88
132
83
960
108
617
318
990
637
925
316
738
502
738
511
916
854
201
399
280
989
798
359
220
975
801
863
199
775
315
88
448
693
953
624
624
358
836
839
841
694
619
234
749
155
404
656
904
301
532
549
832
816
296
619
320
730
628
823
947
244
152
440
603
253
479
711
914
273
263
787
197
65
459
527
543
19
706
201
19
115
627
337
469
173
284
83
476
544
912
502
720
980
852
622
713
205
991
788
758
352
339
637
122
29
39
986
236
19
315
118
593
129
820
398
210
766
330
930
936
618
121
136
490
848
550
702
279
81
400
474
96
821
749
500
696
49
956
691
783
396
703
665
816
328
404
951
115
445
610
884
80
417
741
329
639
382
521
409
364
320
918
718
981
665
396
509
55
132
326
807
145
738
199
7
490
724
375
477
866
550
154
544
155
4
332
512
558
298
632
159
639
173
903
687
652
687
924
654
113
507
650
1
379
219
147
886
859
555
944
633
304
502
629
517
114
217
731
951
990
21
603
320
140
919
114
200
910
688
334
849
1
475
667
920
410
422
876
362
883
50
203
726
473
674
191
161
477
320
838
948
317
705
823
430
869
663
965
757
846
263
893
182
384
934
935
253
336
831
603
848
383
323
611
106
613
913
167
241
576
125
67
808
434
108
933
468
441
304
583
192
464
500
348
222
980
849
595
104
463
374
913
566
460
382
762
95
124
257
242
616
333
887
68
296
608
954
204
873
244
931
205
803
528
635
995
469
174
705
757
98
172
958
408
986
352
846
182
488
568
744
233
870
259
433
438
413
913
118
588
393
506
584
917
920
207
47
857
521
712
714
461
532
139
817
28
391
85
196
878
654
617
963
185
802
708
827
1000
778
48
29
337
706
736
911
993
461
206
947
913
692
604
378
863
715
671
884
135
188
575
670
8
555
241
947
321
877
872
678
206
493
179
4
118
609
570
561
188
199
370
689
276
928
650
709
292
774
187
421
491
394
558
961
99
729
572
45
89
957
674
60
420
201
296
552
393
350
277
35
659
366
620
311
113
623
613
104
536
881
283
282
40
89
381
450
440
985
243
829
105
799
475
124
96
266
337
496
177
284
523
955
833
931
473
175
455
486
282
840
359
669
293
427
716
58
479
215
715
641
784
831
913
500
51
604
882
106
959
333
33
413
874
394
782
348
709
652
534
737
24
258
307
628
257
353
921
666
21
741
711
657
651
395
754
798
864
246
443
224
97
798
240
667
172
328
84
484
305
955
357
418
658
696
150
525
452
80
519
283
861
701
386
510
961
456
190
910
307
791
264
758
530
825
955
123
236
290
90
585
656
288
486
234
319
846
115
218
906
364
207
351
90
512
688
825
247
86
627
620
811
493
819
969
9
614
337
546
490
390
771
215
219
707
422
375
842
910
929
836
185
197
894
153
377
100
286
892
337
415
791
680
538
824
177
187
482
171
307
271
530
296
608
743
525
773
894
333
324
364
341
843
432
700
544
941
478
421
296
15
362
396
986
640
957
434
903
251
28
815
583
653
521
191
476
539
420
444
788
835
49
799
691
271
36
517
150
712
538
7
619
38
714
172
570
349
322
276
353
80
847
84
519
653
117
107
558
573
756
443
394
930
315
910
330
871
412
287
985
140
447
927
198
764
455
523
265
863
220
820
114
860
281
865
980
438
446
978
77
261
555
858
966
454
130
373
333
898
414
629
165
595
670
878
122
409
264
857
449
499
189
222
691
929
966
187
353
432
610
307
469
291
125
833
41
176
248
937
851
665
154
67
259
406
935
669
887
276
184
402
15
285
84
548
33
176
564
23
605
861
442
246
968
616
841
76
848
902
404
178
100
844
969
621
9
505
35
399
636
326
372
273
36
660
665
816
342
230
277
323
841
985
772
568
803
106
707
742
4
624
338
762
978
639
992
319
96
829
683
405
751
269
169
307
177
697
687
258
341
333
868
101
109
330
586
184
655
687
666
578
633
940
98
899
889
512
453
644
658
367
91
132
521
914
200
185
826
610
824
756
633
881
332
787
915
97
76
491
861
998
79
746
401
494
539
535
577
439
265
703
933
247
661
964
251
137
836
771
578
830
826
586
150
647
369
978
162
288
80
421
320
561
3
166
933
325
3
723
832
485
10
672
861
127
545
761
106
38
12
876
846
168
580
519
395
51
436
565
650
222
143
537
926
781
888
632
701
950
275
774
187
362
808
566
30
120
737
383
28
974
277
963
368
609
780
836
238
959
643
463
5
442
89
156
549
700
706
333
527
81
345
684
187
898
260
275
116
466
27
667
522
609
322
19
981
546
527
486
167
473
313
478
897
508
324
745
503
593
999
506
720
657
317
149
871
359
558
678
357
457
954
906
784
472
738
948
299
639
263
574
86
520
493
350
501
304
918
160
543
312
948
114
580
855
331
835
851
943
861
793
698
877
608
681
965
53
788
837
300
791
618
909
85
611
829
214
312
642
521
944
794
724
90
667
961
868
805
464
659
59
804
225
618
963
400
100
287
232
177
648
488
998
553
483
706
68
138
681
361
982
488
797
819
751
757
512
984
905
487
176
840
456
47
546
568
172
822
875
678
685
887
28
235
643
540
910
647
473
803
449
101
832
719
577
635
957
161
487
251
682
815
415
79
788
317
883
696
906
674
52
994
133
673
488
738
953
307
336
692
688
239
906
416
72
780
746
181
289
225
542
939
9
515
846
853
642
868
167
160
173
99
784
911
876
765
421
179
448
127
269
445
138
535
772
270
825
464
537
607
468
189
10
90
408
962
60
554
347
427
250
402
362
725
942
47
730
23
453
91
579
631
616
491
494
766
592
172
655
498
130
404
338
764
247
27
979
230
642
404
859
126
716
601
470
958
484
412
677
132
196
214
901
495
687
863
222
561
21
740
108
45
739
607
488
826
866
704
987
605
776
952
799
197
353
229
598
707
303
538
70
553
229
62
829
582
116
466
468
67
67
601
33
952
772
330
647
12
650
162
137
480
522
111
169
585
474
530
309
89
982
628
758
497
733
522
671
499
509
727
917
611
301
428
350
541
83
146
286
845
150
641
594
394
487
245
989
328
272
427
577
169
464
510
559
363
464
681
977
310
577
882
896
783
43
744
659
597
159
323
635
31
763
200
208
57
370
413
566
241
146
557
284
148
804
103
849
732
484
154
299
948
592
124
797
455
446
511
931
914
415
17
744
411
462
742
421
887
147
603
650
317
883
288
326
969
607
713
398
760
362
61
472
594
68
21
239
281
16
873
169
615
605
349
690
239
814
20
144
398
247
671
222
443
444
388
584
856
93
690
387
418
166
506
894
869
149
635
905
709
625
330
940
892
532
699
860
402
802
170
315
465
616
526
455
244
319
933
936
684
521
323
173
914
689
84
599
254
560
334
364
663
255
720
845
355
748
195
958
356
416
419
46
3
407
461
993
7
698
320
390
195
217
673
859
732
228
8
494
160
541
813
766
237
992
76
197
945
32
13
373
642
804
697
85
869
508
436
31
639
224
199
997
97
366
436
74
426
867
288
938
491
114
41
768
101
344
547
526
774
597
355
752
641
851
151
817
507
269
821
280
139
606
725
746
90
799
175
598
219
344
440
742
799
373
587
55
147
273
795
126
986
245
343
49
346
982
429
938
499
785
515
397
387
913
301
402
897
766
239
816
891
891
772
380
646
951
484
472
753
611
658
917
771
97
195
279
718
754
127
969
764
599
80
934
893
523
712
616
628
167
679
865
809
764
700
174
955
873
814
318
377
905
343
981
689
284
258
402
26
204
50
36
508
521
841
881
522
765
806
441
363
349
296
295
59
873
900
793
326
598
11
907
247
880
571
708
459
347
466
820
477
597
658
295
238
114
662
123
438
924
817
606
164
860
502
276
557
215
477
381
779
335
528
223
521
242
690
781
23
463
760
595
395
559
60
996
551
56
624
7
399
521
764
400
800
182
447
620
310
805
41
480
575
417
272
967
349
167
514
534
116
566
577
215
886
825
286
369
578
474
286
546
969
896
214
440
442
914
620
461
454
87
684
59
194
125
884
715
39
863
427
365
8
699
768
386
221
45
467
3
53
552
950
37
918
609
896
734
441
307
149
828
991
50
1
891
112
364
271
305
695
924
407
898
265
222
829
697
989
524
333
877
990
615
863
332
221
539
10
376
604
868
467
683
133
9
809
854
439
34
31
985
561
149
356
808
458
744
268
647
485
132
72
115
591
554
948
844
567
251
527
798
764
139
143
344
946
936
13
652
895
431
867
5
708
740
501
978
638
624
45
237
893
176
796
316
801
879
952
182
996
797
583
696
603
138
125
693
71
627
746
357
414
288
557
687
570
195
651
909
592
801
965
425
237
413
203
226
918
43
100
329
403
125
341
107
894
684
303
772
641
567
740
805
786
811
203
700
408
928
713
134
465
321
657
318
927
886
506
1
305
899
484
877
225
69
258
724
728
554
719
205
67
321
898
985
780
399
466
605
713
400
169
485
236
113
260
586
84
618
192
125
614
965
508
104
975
269
38
742
538
97
626
326
8
669
333
542
122
457
101
332
870
110
879
691
34
508
328
257
634
786
886
973
607
204
685
175
912
74
561
487
412
610
742
661
113
984
499
623
71
564
507
200
940
905
106
130
36
519
324
859
250
474
291
327
700
804
31
504
734
456
999
95
415
849
508
618
536
222
16
657
938
566
698
597
533
186
459
289
72
4
18
558
660
953
311
271
14
801
713
275
677
933
970
652
4
933
80
826
89
925
195
105
107
794
713
847
519
364
439
54
150
81
932
173
268
16
365
760
907
595
767
428
639
435
735
161
833
856
834
39
666
332
844
416
31
72
34
136
3
563
709
594
931
693
621
144
115
651
525
118
380
415
871
740
131
650
579
259
542
649
242
946
878
886
228
210
352
103
718
145
826
26
215
746
144
419
468
979
767
74
572
331
359
304
408
324
428
250
121
460
180
160
756
59
26
647
982
836
301
128
831
368
895
539
992
303
517
949
137
370
382
838
234
929
270
332
916
493
140
216
791
197
575
79
478
937
54
11
469
825
499
740
211
867
291
549
129
54
551
812
145
133
306
121
172
886
733
694
472
534
186
997
14
252
626
226
378
751
156
208
42
670
384
906
353
57
907
874
276
479
952
713
449
760
122
325
997
640
879
686
99
14
769
827
107
189
787
123
67
383
984
47
201
819
732
860
95
412
548
878
626
676
524
41
790
58
859
221
934
872
743
987
844
582
310
850
911
578
800
601
188
642
426
847
737
340
103
904
563
676
974
789
122
785
751
66
145
446
200
437
221
244
584
882
4
546
503
755
318
410
815
584
682
972
535
309
27
311
396
521
48
728
620
366
51
541
126
758
647
186
426
429
294
574
186
627
387
882
664
93
175
115
737
341
616
675
839
618
415
658
396
863
439
866
803
780
585
3
710
46
386
510
213
965
594
648
510
799
571
69
89
831
797
658
628
280
997
109
850
734
593
972
24
164
919
951
291
999
364
826
714
663
100
476
240
222
73
549
256
264
854
466
536
462
422
202
564
197
90
556
998
72
677
119
378
889
725
144
161
456
978
610
821
712
767
911
349
64
694
507
97
808
482
147
797
308
932
674
645
79
751
256
953
970
683
470
585
139
701
430
413
670
945
372
346
74
789
181
519
556
487
271
718
478
414
962
592
290
80
883
78
514
999
619
58
594
131
756
235
379
75
981
121
937
170
22
132
873
530
731
453
934
938
153
831
580
93
363
763
337
104
964
968
114
756
804
447
194
801
633
212
645
727
551
704
738
224
242
887
283
763
740
923
716
611
228
691
467
579
886
287
977
361
870
521
918
228
344
46
175
414
544
797
10
677
125
265
581
715
143
294
118
157
548
396
699
752
351
490
918
326
300
807
301
572
1
721
477
978
656
474
748
200
285
735
766
29
584
694
16
311
350
690
122
347
120
242
955
676
414
510
81
849
952
730
577
825
518
605
927
859
30
29
813
182
286
595
839
889
774
132
206
390
67
209
920
813
669
923
311
875
626
483
525
999
78
778
56
700
181
805
522
364
936
148
770
438
971
60
650
158
744
72
670
957
778
859
891
421
383
165
258
113
381
824
260
773
705
64
171
705
811
114
230
561
250
664
903
474
676
845
542
846
104
659
5
736
770
219
691
888
63
455
250
862
79
165
33
929
979
628
619
708
356
229
955
556
274
167
498
68
570
873
827
863
716
630
903
138
311
155
142
338
640
325
783
492
578
439
358
261
562
571
187
132
424
107
319
268
699
126
339
657
822
691
10
777
458
338
839
412
909
924
612
957
782
921
546
35
528
32
439
384
992
650
241
685
654
331
535
302
551
713
517
634
241
621
32
427
180
287
245
644
93
970
946
359
777
934
753
700
230
759
829
432
281
18
838
638
583
640
365
83
381
546
10
369
892
62
357
90
677
15
623
846
7
236
981
765
494
704
119
690
467
118
182
172
328
959
306
482
315
900
881
981
883
595
276
255
693
24
427
802
530
649
30
597
438
608
462
204
970
34
773
253
566
266
797
3
439
767
797
636
90
674
731
613
1000
348
111
996
77
374
557
324
490
303
360
637
135
56
827
376
153
163
740
155
654
825
463
926
443
682
918
486
737
203
617
525
153
943
328
676
462
842
947
640
527
550
512
683
248
283
208
320
573
401
407
738
99
847
974
668
888
549
411
873
876
823
428
534
93
108
511
401
401
460
839
642
834
274
933
186
626
779
596
58
780
957
778
64
898
639
463
370
493
33
652
203
67
872
917
970
655
977
335
605
268
288
557
60
136
696
448
900
580
588
317
563
173
73
642
38
118
962
347
648
391
108
923
388
676
671
447
782
376
808
953
263
971
648
120
782
470
251
118
39
539
876
192
493
196
169
370
706
610
145
935
328
845
252
691
223
128
20
795
202
249
33
340
150
867
761
393
736
269
675
192
827
587
904
805
347
859
38
61
521
596
183
727
587
53
353
283
391
213
814
867
844
384
163
879
894
279
1
254
784
850
113
723
763
757
172
138
769
143
315
573
494
450
137
568
250
696
615
179
631
316
956
740
184
903
581
51
281
36
845
156
565
108
957
761
563
963
395
250
862
979
871
408
442
635
351
90
504
266
935
904
74
184
480
479
814
591
109
417
491
710
517
747
941
131
639
175
50
211
718
38
251
658
250
290
754
621
34
784
707
407
565
374
143
574
181
857
391
151
784
602
977
58
165
766
264
853
613
709
984
365
199
372
11
226
401
753
824
861
714
384
964
311
481
80
945
527
421
164
473
355
51
924
361
681
168
662
590
316
521
713
972
661
144
608
671
400
353
702
434
904
417
570
909
663
908
513
926
625
977
35
941
898
9
128
982
710
949
402
119
683
69
953
908
113
661
256
930
164
842
993
438
948
278
734
27
189
39
816
501
415
168
552
697
428
366
62
734
36
128
152
23
2
305
862
955
967
126
190
332
946
31
831
909
263
585
862
90
482
34
623
971
30
850
638
598
1000
834
634
202
938
484
297
55
30
872
502
561
648
3
807
22
693
987
605
322
267
230
421
960
591
693
477
18
876
42
888
525
838
436
995
172
307
873
359
728
767
849
655
18
885
949
11
352
637
169
19
746
285
516
756
820
392
883
121
911
921
235
562
743
229
88
3
992
336
434
607
258
362
568
618
78
198
891
85
95
50
92
527
567
676
391
432
42
400
677
640
989
399
226
74
654
673
555
169
476
487
678
827
565
982
111
799
115
235
584
648
212
964
497
112
506
863
385
421
122
479
945
384
178
701
352
811
407
284
76
670
64
212
210
948
666
416
514
542
113
201
273
121
118
61
140
560
82
223
241
538
6
677
751
804
439
858
46
488
284
955
278
317
377
206
725
504
708
898
983
37
360
476
903
50
771
957
61
803
698
496
764
437
59
760
644
48
685
892
811
153
157
360
218
947
503
191
891
274
121
995
602
33
9
966
326
390
493
644
869
425
445
419
97
977
230
433
23
588
694
854
11
502
283
526
658
620
706
82
923
757
398
675
740
869
438
903
887
503
627
881
446
138
542
375
131
332
239
529
141
612
929
721
331
551
28
57
204
629
589
155
242
988
407
457
711
693
918
575
543
834
538
42
387
281
724
334
586
572
456
733
933
602
879
91
941
267
538
491
866
816
948
874
318
586
295
164
313
239
699
573
484
495
620
438
738
472
227
181
808
883
672
816
59
722
666
754
967
53
231
276
89
726
864
679
295
966
92
193
615
638
626
11
272
687
834
720
80
253
265
725
933
302
533
80
991
542
857
145
868
603
5
381
592
984
832
619
948
396
193
28
938
124
992
941
423
851
648
625
606
946
375
295
115
506
133
545
288
176
337
883
923
24
455
753
896
292
404
786
496
318
602
606
251
581
12
350
913
413
727
388
309
922
779
643
762
192
957
15
743
748
534
66
539
866
161
107
966
828
672
404
852
64
999
487
752
183
777
356
589
29
992
371
797
856
272
687
152
871
426
876
445
744
371
639
191
57
719
862
705
577
550
681
878
39
611
782
865
495
491
177
344
187
230
580
494
272
556
980
616
239
42
831
715
55
747
306
373
5
67
42
727
637
367
22
301
320
871
348
570
524
116
976
437
736
582
771
828
2
901
445
230
885
101
55
253
492
535
63
58
323
421
421
549
916
274
616
111
880
843
813
984
466
647
803
758
40
775
971
965
125
220
31
748
109
735
217
946
519
167
275
678
75
130
903
99
204
735
407
490
281
93
748
563
300
255
906