230
534
837
783
420
40
61
295
293
72
304
577
324
771
677
460
269
551
360
222
751
110
200
70
958
468
971
451
527
809
404
445
191
383
767
74
162
51
980
332
736
638
941
158
216
554
230
960
996
923
724
864
581
848
312
774
351
394
424
956
293
621
454
400
321
319
869
613
330
360
53
902
9
190
123
418
629
251
800
116
626
636
404
663
301
815
492
613
438
668
981
583
597
293
363
635
122
192
161
951
224
111
29
838
772
107
221
483
979
901
992
879
472
661
820
437
235
923
111
151
770
736
122
724
217
608
427
587
140
675
408
730
258
496
53
818
389
878
976
72
236
538
141
278
385
733
643
316
310
602
899
476
37
800
834
325
587
250
538
430
957
883
358
865
782
317
533
971
247
324
717
6
830
727
949
95
170
668
255
821
275
925
808
616
108
25
264
797
476
734
31
452
255
576
927
236
296
182
566
221
150
523
505
24
565
381
320
173
57
819
413
636
188
490
593
56
940
557
805
661
663
242
379
128
56
299
551
722
676
715
407
421
462
199
977
107
226
461
448
866
5
72
389
665
329
784
271
834
522
122
25
742
49
465
238
571
337
252
247
79
431
390
505
71
863
629
228
206
632
138
162
102
9
543
626
237
796
986
370
643
378
366
589
315
606
309
288
784
450
37
516
212
886
771
328
338
573
562
215
627
467
90
914
277
956
176
395
477
121
465
291
388
979
508
944
778
14
36
974
232
708
837
81
342
929
430
199
707
136
641
948
285
227
574
812
139
456
123
919
220
901
538
171
706
982
618
71
479
880
667
192
388
234
192
293
170
664
122
667
81
450
510
762
896
858
288
409
746
489
182
195
697
542
140
894
408
979
795
969
312
641
196
17
93
505
647
210
384
684
454
284
974
474
859
420
711
57
853
659
649
170
234
227
410
544
375
184
183
837
76
611
102
787
579
28
458
11
583
762
191
190
777
161
995
960
274
72
105
774
609
665
455
714
892
273
974
83
229
336
284
93
141
998
597
540
430
563
749
586
510
893
274
720
815
161
572
587
949
543
992
710
80
151
856
882
318
90
368
101
116
847
613
600
171
141
905
220
418
719
74
259
865
78
46
331
737
645
167
212
716
433
703
94
719
124
454
765
975
669
562
323
573
750
192
295
455
589
316
924
510
682
801
972
284
851
402
649
705
746
409
999
618
574
799
391
550
952
491
302
563
784
509
437
60
97
783
346
658
481
947
141
586
488
55
506
465
615
428
253
163
656
460
333
995
50
274
458
341
74
109
977
870
529
686
571
739
702
509
908
632
113
906
810
814
703
568
81
708
646
437
85
598
331
972
780
918
698
505
151
207
933
446
570
782
488
900
133
297
698
73
29
31
468
62
137
572
335
937
608
104
926
751
542
742
111
443
713
189
5
803
895
713
697
748
808
878
583
810
879
936
71
380
842
673
561
613
648
722
521
375
896
990
476
983
647
837
114
456
685
911
870
96
744
265
663
759
753
945
524
283
277
817
80
336
473
518
307
112
190
351
16
811
441
487
526
27
455
974
510
389
824
148
684
936
905
616
351
446
379
106
80
4
838
720
332
579
45
677
865
663
978
923
913
675
485
611
137
929
550
171
56
502
938
461
660
794
382
323
750
411
727
781
427
346
861
401
962
931
90
680
648
50
38
748
157
126
986
686
293
93
177
808
242
691
424
252
235
994
704
200
755
706
707
694
438
823
960
517
882
674
23
637
74
130
794
278
456
454
773
528
542
300
734
347
884
679
80
94
665
366
227
770
551
860
47
937
952
176
263
654
462
224
110
997
519
457
78
857
815
878
594
262
725
991
415
189
146
845
674
108
224
796
228
260
989
460
333
564
34
246
654
120
581
788
793
64
869
615
732
215
573
823
42
468
476
297
361
899
162
992
51
747
372
962
910
881
213
8
197
648
628
46
711
194
500
386
993
403
789
343
689
698
377
932
548
99
798
425
400
565
69
110
793
252
378
931
244
360
54
238
366
310
186
440
446
13
595
717
711
106
941
103
596
405
587
422
29
209
44
732
179
685
98
691
267
403
10
493
846
510
35
11
869
230
311
5
604
862
398
196
457
389
809
573
529
925
11
497
411
310
947
933
798
174
545
991
168
902
343
152
594
861
136
753
998
912
333
247
467
710
459
949
566
13
419
902
238
256
901
785
84
848
719
650
410
228
610
334
178
597
730
70
854
39
824
381
910
314
787
568
735
327
163
731
960
239
272
966
978
174
273
305
679
440
980
251
870
26
381
116
406
591
998
408
775
514
759
673
154
868
322
17
839
650
315
544
24
873
97
818
342
761
881
108
546
317
610
282
997
993
56
159
21
577
277
762
36
99
40
198
928
495
36
72
370
930
572
46
994
351
448
695
759
453
752
110
543
936
85
757
508
732
168
92
291
655
752
924
512
231
540
983
147
311
466
78
573
35
606
340
635
578
891
476
875
677
797
149
663
662
389
201
354
116
451
595
222
155
336
620
377
268
579
194
767
812
790
605
992
29
399
233
767
781
191
294
165
733
615
960
343
418
254
289
602
918
800
980
171
754
693
600
438
86
111
513
949
644
464
613
173
408
659
144
233
180
89
59
783
454
456
265
864
395
179
863
880
846
427
185
443
818
597
197
237
939
993
241
68
110
965
94
193
71
785
703
346
481
227
848
553
109
696
56
935
214
203
790
314
198
407
182
875
296
707
858
579
36
676
344
598
354
406
1000
322
214
550
781
321
427
502
594
396
738
194
17
374
88
420
865
189
474
963
882
832
547
800
763
760
722
289
455
96
745
483
714
861
201
940
391
934
993
763
499
81
680
749
177
235
137
990
48
465
969
442
142
883
390
331
700
922
917
894
91
28
841
258
747
978
337
599
357
200
649
253
158
330
960
257
446
817
980
705
16
889
988
133
618
417
390
419
486
810
568
875
673
882
175
197
93
619
671
661
253
521
613
569
626
94
279
747
515
529
993
111
327
727
982
590
216
675
777
133
528
633
336
957
7
388
59
245
13
27
905
113
970
985
11
414
700
170
803
140
598
856
221
644
126
234
798
632
759
27
88
516
551
284
966
796
276
853
49
794
317
185
589
637
832
207
892
98
170
110
331
204
302
731
515
410
381
976
923
360
54
358
957
83
468
85
251
107
254
612
607
260
914
974
451
184
353
760
673
293
701
705
364
128
53
309
975
789
950
190
176
796
295
853
37
969
68
327
275
929
600
175
989
619
511
499
383
685
760
989
175
40
547
494
337
307
866
819
729
312
996
753
722
576
981
201
211
673
13
823
989
107
357
462
122
816
923
351
258
802
210
241
122
455
368
230
554
699
329
571
728
344
342
537
859
958
460
482
486
133
292
284
818
762
208
304
514
530
435
817
812
168
747
380
981
238
71
867
157
457
997
968
435
296
7
516
119
835
559
436
410
748
450
992
977
833
907
437
499
881
408
977
57
994
843
766
619
311
216
180
222
615
126
525
197
873
789
947
710
826
819
265
432
497
528
640
810
190
958
729
701
614
925
445
182
680
973
157
895
46
341
636
563
135
994
31
289
376
79
889
818
780
174
654
345
843
683
588
493
108
375
560
936
891
422
151
360
38
202
625
764
699
741
359
95
382
888
377
584
223
783
785
791
784
429
451
100
405
872
963
824
253
12
184
864
826
674
391
697
892
126
593
763
492
554
795
391
416
782
369
819
81
224
586
599
634
135
877
42
859
490
757
453
398
433
20
551
661
787
982
23
912
832
603
611
531
258
17
14
983
609
265
830
535
499
903
772
869
103
902
432
946
372
876
587
581
897
349
935
380
83
104
543
142
382
499
149
825
555
531
268
446
10
432
354
585
707
187
680
926
11
690
423
4
862
88
979
262
679
636
90
165
528
440
55
577
744
376
737
293
780
883
422
676
32
781
342
190
351
383
346
556
487
415
317
403
988
472
721
349
79
860
866
632
261
108
9
394
640
739
452
439
624
122
92
576
649
728
111
599
654
967
257
129
870
236
902
467
822
605
473
359
316
405
271
230
348
957
94
740
439
478
519
131
422
98
837
500
57
617
487
928
393
675
598
772
726
662
498
345
127
878
581
518
825
424
804
803
976
158
169
281
450
706
756
543
718
89
424
129
837
470
756
136
79
76
538
208
935
850
72
578
564
665
332
363
129
464
139
972
740
648
145
457
687
114
202
475
774
824
663
258
769
237
140
876
60
867
940
723
271
652
436
283
562
716
36
671
661
387
281
263
717
820
488
923
816
167
435
458
725
46
204
328
186
748
817
844
971
257
408
457
629
372
419
8
647
120
988
731
959
638
609
128
683
382
776
812
511
851
292
297
832
66
50
449
35
450
25
974
942
867
278
173
898
313
360
378
104
365
272
738
787
748
576
750
131
190
989
270
704
80
330
379
784
344
126
906
97
64
725
179
90
958
281
943
238
174
653
138
127
284
533
872
563
108
29
958
507
944
479
598
634
91
713
403
483
630
507
203
293
574
589
928
276
907
477
600
399
955
471
735
690
35
92
350
350
820
824
548
465
523
692
244
514
836
14
732
337
429
512
991
659
463
907
996
700
317
81
549
353
810
614
989
271
695
592
759
87
556
374
714
72
579
562
717
500
750
593
288
550
78
947
588
21
825
141
893
401
958
818
741
153
67
408
78
809
927
421
939
553
622
121
699
476
813
32
614
255
399
963
467
188
89
579
665
158
471
603
769
454
379
856
336
966
191
606
180
279
921
946
532
396
942
284
859
555
779
862
417
635
297
894
917
54
738
775
685
948
331
710
3
653
672
501
939
12
618
675
75
626
337
87
616
320
798
644
549
1000
918
826
767
80
155
712
787
578
560
900
544
297
496
515
142
304
86
307
679
160
900
602
983
773
153
209
68
726
925
695
833
833
906
121
104
615
739
178
164
502
131
853
201
732
607
91
665
724
162
340
554
455
602
333
726
687
174
885
252
742
636
591
619
918
746
771
913
456
284
255
368
486
260
954
442
565
944
745
841
908
587
387
292
113
933
511
387
552
858
790
513
426
513
190
520
592
84
703
563
218
695
388
203
404
738
657
958
699
312
321
533
52
498
921
876
495
541
21
602
70
425
58
557
274
622
807
226
85
690
945
565
45
267
868
949
491
2
627
926
551
245
532
822
695
714
624
458
456
972
415
606
907
460
992
345
278
685
238
325
666
674
487
900
710
736
117
330
76
864
836
659
830
530
647
192
500
407
424
898
52
351
301
44
928
50
901
674
217
288
970
275
1000
538
401
229
695
503
739
104
725
534
711
902
687
958
910
343
487
279
47
329
801
162
748
78
626
940
865
493
490
660
642
351
6
501
265
305
664
872
744
517
649
609
68
538
714
78
179
626
361
832
976
482
405
73
818
858
142
616
29
693
868
309
300
378
951
140
116
872
969
745
859
72
812
576
572
317
494
298
877
675
353
118
324
942
942
188
872
249
553
555
382
763
889
688
850
808
921
556
556
789
907
686
429
158
418
809
315
343
966
132
533
692
439
834
62
330
141
749
69
410
974
715
676
976
638
813
543
634
211
224
263
142
273
677
661
673
901
208
719
917
782
405
166
388
745
42
185
217
698
998
636
913
758
205
999
521
287
767
247
747
765
350
451
870
276
939
100
200
480
971
259
763
84
844
742
575
912
793
420
353
279
135
595
785
966
438
597
756
491
871
516
665
529
325
306
767
338
260
673
115
693
764
193
375
308
223
121
979
350
962
927
916
577
92
917
626
896
816
933
824
685
762
586
902
257
390
140
407
577
798
374
910
115
538
448
155
423
166
455
494
35
823
962
989
747
56
911
455
944
321
174
593
423
487
272
784
361
256
106
226
358
614
495
224
475
1000
642
636
141
309
252
420
541
75
847
645
971
878
209
585
799
310
36
721
810
839
458
865
536
592
155
700
382
566
761
203
264
958
964
482
404
476
408
244
244
265
22
866
534
919
766
617
303
499
310
115
553
630
785
285
784
981
756
11
739
738
451
987
482
193
680
620
523
442
740
29
584
547
186
662
141
249
423
973
965
96
783
17
753
631
100
135
736
513
109
686
894
748
877
659
250
272
326
770
74
858
150
486
967
476
79
306
332
1000
911
537
432
638
336
76
604
871
317
317
530
496
833
551
795
553
33
925
819
936
506
728
385
268
824
297
440
650
608
132
334
12
841
282
389
979
304
115
91
396
173
822
791
938
820
423
831
302
528
800
31
972
70
739
33
88
66
555
64
82
467
3
414
262
792
654
199
659
216
389
279
641
639
61
548
992
856
245
84
798
837
812
602
322
454
107
948
113
254
975
929
338
955
173
95
621
885
226
614
724
523
577
788
920
383
694
965
304
319
694
857
78
157
992
359
992
724
249
215
458
321
996
501
421
483
726
309
762
714
959
756
277
514
304
799
480
643
25
199
589
919
262
638
850
867
665
194
118
292
380
9
328
762
528
429
146
401
908
379
672
753
515
259
963
416
569
10
23
741
255
394
285
733
598
320
608
44
238
29
440
136
476
991
924
490
995
342
305
713
34
1000
265
334
70
85
409
261
931
3
538
317
276
282
156
987
523
307
487
621
230
446
672
983
250
155
924
322
204
589
249
752
937
591
436
608
124
545
742
937
147
216
826
195
476
355
376
959
859
881
399
256
312
534
317
278
656
765
404
565
465
529
712
953
238
631
17
458
335
377
638
6
448
60
65
539
230
137
39
303
749
806
879
803
722
963
651
573
430
667
474
825
438
30
587
289
167
403
401
502
343
884
282
272
214
757
169
369
912
432
442
747
93
983
490
134
920
53
565
402
401
135
710
174
286
944
222
717
75
154
638
878
106
34
669
488
582
367
246
82
511
416
539
438
547
121
291
234
827
380
623
626
841
948
533
36
959
431
851
138
787
261
171
275
84
610
645
626
247
687
150
265
930
762
490
484
862
217
495
2
187
255
666
943
506
327
302
985
983
465
157
378
164
242
472
701
940
822
748
801
81
820
785
809
363
258
644
792
840
614
131
397
612
131
186
125
585
830
50
474
702
31
212
217
833
729
521
133
438
444
165
509
245
463
325
21
529
212
724
956
662
452
304
261
32
65
379
5
383
904
898
454
293
658
190
190
999
685
54
747
294
329
502
948
462
942
279
541
126
253
455
205
703
569
135
332
220
989
82
770
402
643
574
791
237
408
549
399
533
723
996
429
521
443
876
771
560
286
114
438
803
559
866
826
417
788
416
894
61
280
525
65
247
891
556
41
340
934
461
312
996
222
218
711
818
481
398
7
675
991
961
496
938
349
563
577
727
217
84
483
251
480
595
554
164
549
842
127
921
55
835
558
318
851
630
168
740
759
556
963
753
740
382
390
877
782
659
701
802
116
122
537
305
208
187
51
505
490
476
509
891
145
578
59
765
745
348
829
888
978
965
281
772
178
311
401
416
135
744
652
942
963
252
895
883
471
841
51
875
267
570
659
766
190
73
160
140
847
529
925
356
996
509
158
209
831
579
32
312
498
458
705
504
634
192
82
669
639
119
913
83
838
57
223
414
600
782
499
301
76
565
568
284
416
232
280
107
13
171
484
354
31
894
237
768
841
377
390
963
969
578
201
48
94
875
965
365
445
687
739
658
852
591
882
463
872
949
557
501
641
746
740
413
975
174
796
812
559
105
179
529
877
302
487
456
488
957
737
728
324
402
306
437
826
506
271
111
88
337
551
41
824
724
827
963
247
79
883
189
146
712
945
659
905
290
122
69
6
414
52
81
816
329
265
704
337
765
37
768
216
944
972
404
345
169
181
643
660
15
524
805
209
953
580
335
940
104
150
319
530
626
495
878
161
333
436
761
382
574
862
433
890
929
277
644
509
999
50
331
306
237
872
944
779
886
672
159
142
537
854
700
521
227
229
795
91
270
726
968
260
188
980
633
407
241
745
35
693
101
531
684
427
578
487
189
689
891
310
270
51
778
651
440
183
672
520
962
213
656
635
967
980
499
189
371
403
83
747
605
18
650
694
21
79
920
234
640
414
214
491
671
12
491
521
867
274
348
688
1
563
839
408
571
978
207
82
823
981
743
379
345
228
781
510
952
157
421
499
811
200
301
337
797
955
764
62
160
249
674
136
230
181
798
697
448
980
32
420
609
326
970
566
434
621
209
991
797
514
425
528
32
358
810
242
460
168
336
763
665
748
831
986
642
499
814
796
594
840
711
579
441
725
367
112
854
11
33
634
733
876
298
929
104
215
833
55
483
664
356
110
352
921
291
512
878
426
468
940
721
337
92
909
490
860
677
618
853
399
208
255
522
782
866
702
937
925
625
424
989
910
941
748
456
519
400
567
565
948
946
48
816
693
690
19
235
936
677
832
133
186
629
626
143
991
164
529
124
660
517
154
20
768
237
595
567
306
771
61
515
938
828
267
534
191
873
623
90
952
433
233
26
14
977
879
731
471
882
100
449
467
149
775
255
866
931
115
140
92
980
107
420
944
780
739
494
143
655
754
944
130
255
181
207
763
626
687
945
250
349
727
118
57
261
610
701
568
379
699
842
177
102
409
437
615
821
993
2
539
368
958
203
218
603
776
334
37
199
775
175
690
643
932
162
29
246
414
126
575
816
392
889
321
517
896
386
982
433
810
408
801
110
930
340
20
457
777
206
922
706
133
775
179
449
447
105
195
832
884
824
799
758
114
388
765
266
390
234
882
665
932
646
822
987
372
313
221
656
892
785
672
825
793
275
423
162
476
193
381
369
757
895
771
148
90
8
11
322
408
302
410
140
296
926
38
935
221
468
444
343
904
536
365
136
963
351
657
683
434
907
362
932
744
276
25
166
194
464
710
266
447
905
457
265
179
602
492
646
597
84
595
299
405
932
950
388
911
250
490
268
774
506
378
21
879
725
618
872
919
676
15
378
994
467
304
528
173
189
880
610
198
709
415
559
737
628
743
456
505
246
367
152
658
469
869
491
353
216
139
611
170
962
264
353
190
676
412
311
907
521
479
273
447
89
933
447
36
876
116
282
277
923
667
906
111
396
454
215
558
773
531
481
691
738
322
687
745
735
96
782
504
338
933
450
733
895
859
24
633
63
428
636
263
29
533
981
465
594
209
476
939
709
74
331
299
878
36
842
771
375
915
794
584
140
947
821
806
259
280
16
966
228
70
868
700
474
974
85
906
721
225
743
214
658
406
50
25
428
395
761
132
89
944
800
131
689
11
922
17
739
364
829
874
703
404
57
115
339
691
485
403
436
978
168
852
331
250
590
607
608
443
163
818
722
624
672
955
103
594
7
120
306
451
312
537
249
77
860
774
75
176
534
787
795
523
469
54
974
266
609
965
875
981
896
465
826
568
334
138
880
320
772
449
728
344
944
739
935
6
693
390
789
537
581
791
493
326
340
834
933
697
44
210
572
710
536
623
516
985
791
344
634
67
610
669
475
77
62
875
564
556
488
892
357
500
63
235
457
28
855
465
251
877
183
853
518
436
861
583
809
734
761
861
71
605
869
183
228
931
170
516
655
385
826
879
511
792
887
597
932
904
945
414
664
700
551
494
13
376
809
177
190
319
608
667
332
780
300
587
716
285
89
461
677
610
944
342
64
17
983
529
760
533
896
266
652
794
190
286
721
731
950
939
361
129
905
342
395
42
185
842
776
569
633
174
336
751
938
962
766
153
936
384
248
866
597
808
283
432
68
958
374
925
578
403
129
246
374
620
84
535
514
851
719
80
255
529
690
544
705
958
684
578
28
218
334
777
391
351
467
268
873
774
409
326
994
540
554
268
393
333
310
178
482
378
65
41
943
133
601
90
668
744
472
386
224
296
797
747
887
463
675
436
114
300
490
661
167
449
523
313
75
276
96
253
123
554
871
510
859
330
74
313
416
891
812
932
33
384
957
946
692
368
205
657
198
672
869
839
689
450
494
119
554
13
461
296
405
177
244
249
747
456
301
761
352
744
763
987
816
342
760
107
921
771
651
495
925
273
313
356
137
412
988
713
975
882
11
339
47
366
789
782
697
566
15
184
367
669
332
341
79
245
119
186
155
953
866
426
816
291
934
90
53
928
871
443
424
360
544
238
266
279
444
883
483
329
193
844
786
354
530
780
382
612
332
138
90
921
311
362
36
799
745
161
940
40
17
183
233
630
328
208
713
61
267
715
660
23
512
282
845
3
412
288
32
996
904
778
637
479
767
827
663
864
459
264
447
816
759
81
95
584
978
948
897
481
334
13
378
675
978
700
13
85
155
520
406
508
6
537
623
59
894
923
196
451
292
390
379
419
225
347
122
750
128
180
306
78
862
776
852
673
298
747
363
410
749
701
31
162
61
911
910
389
16
803
377
524
826
94
160
843
520
702
814
879
499
811
144
852
58
397
777
538
837
240
635
541
499
226
108
469
778
487
32
965
532
772
234
516
76
830
658
584
933
885
424
539
628
787
368
400
92
594
167
807
824
570
266
23
688
474
804
56
253
85
350
324
242
278
217
414
672
776
998
361
820
5
580
902
817
821
831
920
539
455
270
174
543
581
212
528
458
72
739
109
940
673
817
164
566
304
969
718
570
711
253
140
20
710
985
195
977
225
879
207
326
204
732
846
574
886
940
793
385
862
509
206
224
421
604
83
926
358
473
187
682
163
744
972
404
705
438
150
458
147
29
538
798
478
976
790
328
536
459
136
462
918
160
520
111
266
25
567
287
634
18
257
857
742
467
946
70
752
523
700
200
946
185
402
279
195
619
724
24
300
379
492
820
345
594
304
731
349
817
960
402
873
420
150
523
580
790
47
822
287
335
935
613
833
641
572
9
88
446
411
597
404
695
609
441
318
572
338
876
377
963
260
645
201
271
76
541
679
335
853
848
152
44
126
352
347
536
737
104
677
406
808
147
927
915
624
325
109
518
310
372
31
809
991
685
639
108
268
13
494
797
601
394
318
287
841
256
209
990
386
624
255
422
929
874
893
615
89
841
696
209
721
98
397
946
309
26
767
810
445
669
62
295
46
29
963
294
712
478
657
177
214
879
697
201
296
989
741
435
180
809
839
627
226
872
738
38
346
765
484
875
772
851
464
845
925
564
564
440
667
595
326
324
269
238
635
654
124
825
577
38
678
303
990
85
627
292
831
373
930
738
160
652
463
251
218
113
126
993
43
382
20
109
320
211
374
866
575
167
390
36
350
78
391
650
408
287
919
670
397
498
245
195
395
1000
192
115
608
551
766
106
18
261
460
574
471
203
533
687
9
241
313
928
407
62
519
352
9
398
717
803
862
503
779
969
15
851
285
687
759
198
383
784
376
275
995
334
424
619
604
602
260
40
385
486
17
250
251
375
984
42
416
351
601
566
750
993
675
294
455
321
900
117
417
842
279
255
724
57
251
70
125
687
555
527
352
263
415
386
78
786
329
157
446
125
318
504
45
922
616
459
509
57
681
502
307
301
68
306
103
349
914
523
84
265
335
224
97
64
89
907
627
135
162
820
580
222
376
644
722
462
625
659
813
490
480
818
85
303
596
83
818
986
824
395
420
441
566
247
111
506
384
803
484
538
309
990
627
81
837
88
202
356
665
745
584
156
428
809
424
560
908
875
355
221
731
95
40
255
437
352
930
713
843
86
277
948
371
52
44
718
684
789
205
399
823
426
465
729
962
990
58
558
124
18
344
915
306
833
25
676
732
380
438
365
914
345
923
988
585
45
646
366
410
87
998
476
95
915
818
445
723
73
883
44
979
56
216
809
166
472
450
794
978
135
730
76
395
896
270
210
190
806
131
708
286
296
847
32
458
444
161
319
783
608
131
403
269
235
173
908
489
737
116
954
986
809
879
621
319
637
663
615
136
518
248
31
243
322
958
241
632
786
566
457
59
477
370
671
177
97
743
695
74
119
520
699
13
97
122
298
345
806
694
493
662
168
401
628
933
237
292
55
100
584
710
942
771
963
743
721
112
1
854
780
380
139
962
431
809
703
114
181
35
382
468
973
661
492
299
47
867
65
137
121
570
575
260
325
400
496
328
888
436
103
991
625
482
370
967
897
92
71
845
287
134
32
21
626
435
87
141
217
961
86
941
320
318
61
995
808
250
51
739
728
579
261
187
661
962
99
937
202
927
343
410
495
687
403
672
592
227
793
20
626
274
184
357
407
760
471
829
250
867
615
501
510
279
472
885
141
259
732
802
365
511
494
814
74
578
143
555
271
278
725
312
184
421
700
333
432
876
179
298
109
237
64
881
271
91
416
313
142
55
720
530
192
538
296
731
347
932
120
905
401
972
800
713
123
304
549
480
338
554
438
303
321
57
750
388
363
657
617
739
733
540
169
314
299
773
261
877
918
506
556
759
260
42
240
568
19
103
730
932
540
76
567
701
985
51
190
493
684
754
331
764
722
614
351
487
922
354
150
787
324
174
326
975
107
708
981
998
829
395
289
463
121
354
98
552
908
549
640
297
904
50
112
121
438
892
52
42
65
84
525
430
226
511
420
515
643
883
907
316
124
835
528
446
331
982
804
47
721
194
463
701
674
658
892
90
678
23
164
563
527
347
408
79
386
520
754
330
540
826
434
998
897
48
422
788
598
362
197
72
669
754
477
833
784
236
699
89
426
129
913
428
885
673
307
512
929
416
537
795
36
246
795
259
400
261
427
475
240
94
223
456
108
886
489
89
978
131
631
633
536
741
836
539
760
545
280
754
318
212
15
366
410
381
619
77
273
616
622
115
871
358
425
614
385
944
393
721
164
484
534
418
282
731
670
798
137
660
759
578
575
354
544
694
192
376
490
556
179
227
360
269
329
123
350
787
67
151
749
588
803
777
346
262
732
243
185
306
204
818
58
559
950
367
883
441
379
650
26
590
351
946
441
141
881
734
348
571
801
431
545
209
360
158
264
75
40
458
377
90
331
850
837
885
89
120
301
744
17
726
116
587
480
101
489
218
490
498
637
693
758
966
330
529
2
208
873
689
130
830
497
67
485
738
493
150
420
874
640
100
988
307
317
135
290
732
762
954
800
410
699
30
704
614
880
615
974
589
180
353
336
732
476
6
22
696
5
775
727
969
109
865
263
226
884
558
392
882
958
493
44
921
244
191
213
898
356
647
236
746
190
603
331
664
803
976
491
683
342
279
434
42
696
483
267
138
761
120
152
821
32
768
909
267
297
643
382
152
844
300
244
776
438
985
975
949
582
878
132
188
762
328
368
66
158
158
973
303
600
624
243
535
955
289
283
562
856
991
516
535
840
496
450
549
977
18
241
627
201
377
259
948
1
456
904
327
164
116
870
714
863
862
158
767
573
124
19
774
180
834
888
140
122
505
787
807
803
847
639
898
275
528
345
729
409
82
517
375
686
362
682
822
451
699
480
471
945
578
294
867
173
817
799
630
358
873
591
950
888
14
390
213
592
902
846
8
922
817
754
761
317
250
544
232
999
212
815
83
235
804
772
431
253
57
867
895
359
80
302
125
293
741
714
685
56
239
191
278
444
276
488
581
339
762
373
557
702
240
597
684
10
58
560
368
516
622
843
841
798
254
405
848
852
31
71
407
975
153
345
296
176
588
333
676
89
724
535
569
973
395
724
314
813
830
13
288
598
212
185
70
881
869
676
432
498
826
517
694
14
859
587
196
594
632
973
610
582
668
821
535
211
891
474
19
447
880
776
269
632
91
228
13
639
881
64
12
892
942
133
57
269
668
720
936
270
567
650
871
470
635
57
996
259
30
228
430
160
672
11
368
488
937
696
439
180
45
626
872
970
104
317
952
700
629
967
787
744
234
441
567
898
723
184
166
818
84
660
266
392
507
311
191
122
275
78
930
950
594
47
379
950
53
906
484
330
660
376
411
582
538
641
623
973
169
633
211
217
317
127
556
570
154
179
212
577
716
301
80
837
872
271
923
743
894
336
881
999
333
433
677
880
958
159
193
370
772
186
443
429
326
684
51
55
631
542
883
111
34
815
646
351
830
471
435
37
125
506
596
329
901
183
88
839
550
930
436
545
639
392
61
900
908
894
716
954
689
976
941
571
677
809
524
896
712
217
433
910
551
785
997
425
200
264
431
789
766
321
650
110
191
468
281
257
391
768
168
499
128
319
141
514
723
411
988
468
60
164
163
991
635
593
799
777
23
715
136
267
57
940
780
975
580
773
206
658
972
853
31
269
647
491
291
472
811
721
490
760
237
165
157
401
519
562
470
216
915
514
830
480
555
706
573
806
881
280
107
228
179
544
577
154
549
52
799
645
139
272
322
105
115
70
846
135
859
657
742
897
349
931
728
700
242
736
587
789
77
601
666
605
349
977
237
517
181
797
796
112
56
21
804
94
762
423
647
772
442
311
723
993
455
904
989
698
592
243
166
82
934
841
853
425
468
901
829
510
415
207
400
463
834
649
819
28
171
876
646
253
73
510
761
235
813
494
345
238
366
716
494
781
171
659
996
861
24
889
325
337
504
211
285
62
325
297
277
61
942
825
991
709
923
615
779
126
240
593
68
17
699
408
639
393
971
946
371
932
420
28
26
30
932
228
17
946
129
723
746
590
640
726
829
940
417
625
623
877
409
962
640
428
375
751
911
271
743
300
704
272
577
910
374
179
256
484
731
951
202
995
768
322
530
749
217
332
620
82
568
5
724
536
585
938
448
113
885
408
775
862
831
724
824
717
359
224
161
866
36
254
206
9
938
622
693
428
219
196
621
892
87
331
629
820
976
516
304
210
703
782
776
803
275
375
439
322
911
879
12
640
348
817
458
794
582
22
487
496
920
835
185
223
787
14
188
224
1
249
891
451
867
914
330
378
355
18
688
287
672
752
600
292
790
960
756
207
762
155
790
904
91
428
765
902
538
786
332
856
92
275
851
93
620
41
906
387
220
997
72
463
385
42
109
102
620
142
220
341
439
923
308
734
978
595
104
888
504
130
740
866
374
841
287
756
421
202
813
635
744
388
619
605
162
267
986
693
288
346
878
310
539
84
70
387
407
239
784
165
322
746
272
896
126
412
829
85
254
965
221
242
491
344
971
67
413
702
455
424
525
770
960
291
463
952
745
344
757
501
287
265
383
205
213
255
557
513
652
699
637
302
249
941
443
610
399
310
581
760
363
38
14
915
33
596
852
28
151
988
820
348
852
381
87
979
504
651
914
61
936
469
777
534
794
142
963
226
65
382
850
432
504
585
805
409
743
817
925
929
438
950
557
191
224
15
253
455
178
179
785
838
702
495
692
332
677
452
522
269
758
20
226
756
732
802
408
786
287
626
953
638
134
985
728
872
776
279
768
759
801
91
72
972
154
538
928
57
3
6
145
85
901
996
612
251
943
679
705
100
284
46
402
993
672
184
230
86
573
798
783
499
663
657
544
380
207
673
362
309
821
270
192
218
23
819
659
755
586
235
218
920
830
436
326
345
890
845
133
583
630
959
763
596
887
420
143
648
187
626
387
214
300
729
563
581
591
946
461
107
291
757
95
576
157
499
485
426
951
407
519
112
994
847
486
500
154
95
593
895
751
44
997
975
441
530
189
93
724
392
963
32
17
776
663
368
394
469
960
70
767
610
215
655
684
419
417
419
581
978
101
932
896
789
236
360
42
966
581
536
17
380
224
667
470
47
641
43
963
685
107
28
780
1000
342
451
471
679
497
128
204
818
409
237
283
9
645
49
768
506
631
310
876
556
527
584
801
627
446
112
765
636
327
711
282
877
400
504
441
889
943
713
778
69
478
335
479
375
13
337
499
235
300
338
335
273
215
113
910
729
402
397
450
482
407
331
907
229
741
340
876
562
61
795
860
275
490
566
60
917
726
643
678
11
120
479
606
7
723
814
934
266
483
209
658
536
414
351
498
280
49
7
493
618
881
717
504
774
955
59
878
668
30
65
893
824
191
699
107
764
608
405
578
435
143
456
603
504
927
568
346
659
424
575
216
973
872
834
452
212
495
216
602
142
93
329
510
843
190
908
870
202
999
284
788
763
179
716
703
173
263
824
187
256
970
537
419
558
911
604
927
412
843
290
949
922
984
545
499
933
302
781
806
692
739
629
89
866
960
129
45
273
458
495
852
158
432
875
235
555
312
510
935
181
36
512
551
733
317
764
774
192
845
300
694
16
571
227
714
967
966
115
71
364
22
279
85
705
7
737
680
562
845
139
946
528
544
209
730
667
402
796
380
423
673
294
629
129
137
84
205
1000
204
956
983
99
474
443
506
158
477
766
903
416
345
981
260
734
73
103
745
777
799
775
592
799
247
33
489
753
541
115
615
162
261
281
977
604
107
543
666
863
150
232
937
79
111
953
518
222
878
781
458
844
721
931
417
976
992
91
67
734
390
363
646
293
297
625
274
485
962
510
210
155
478
297
789
114
281
96
350
585
546
912
336
386
917
721
693
148
173
931
588
614
623
924
554
890
516
27
710
13
866
439
342
176
906
476
358
940
269
685
552
462
904
44
885
742
11
588
725
876
870
577
765
966
443
659
322
961
373
366
1
449
144
19
596
126
24
526
356
450
334
833
232
759
627
214
883
197
564
203
200
334
725
263
944
69
679
799
889
385
850
719
722
305
353
413
883
372
459
697
133
75
460
70
737
454
998
984
770
23
946
808
80
636
508
640
68
645
26
932
454
772
618
753
676
342
802
476
107
829
375
262
487
37
539
125
681
398
609
586
433
505
365
221
451
34
886
117
652
366
751
643
80
629
862
798
183
512
227
62
376
675
646
509
581
537
51
592
418
102
703
333
912
279
982
574
103
515
204
752
362
474
556
171
765
628
338
127
517
811
712
231
628
989
923
457
227
956
617
651
659
308
503
643
74
507
152
930
133
936
905
353
899
769
898
981
412
841
377
986
291
846
55
580
474
922
263
726
995
761
516
507
955
222
363
744
483
882
920
712
688
840
507
929
952
270
869
346
429
852
484
735
587
384
880
591
977
115
332
422
614
296
60
396
355
160
46
410
696
77
708
11
675
301
282
761
631
558
714
986
525
895
132
44
683
944
535
387
267
812
854
468
586
465
116
923
476
488
520
287
533
356
902
937
781
439
639
843
482
368
223
800
448
269
934
555
55
28
989
293
619
752
399
844
580
453
614
960
886
995
402
53
560
105
916
364
712
749
729
879
133
490
324
366
183
35
312
521
351
455
976
302
671
346
410
764
436
790
699
716
21
287
777
426
484
343
222
439
965
998
101
679
166
937
194
918
748
964
768
805
353
822
22
120
24
825
831
579
958
17
734
512
832
502
121
454
205
630
151
669
236
36
126
292
310
758
638
891
350
579
487
720
113
102
52
496
848
914
966
885
18
75
610
103
278
420
520
50
30
26
452
493
150
319
424
494
286
334
927
451
528
537
735
186
793
114
537
932
961
366
128
542
67
642
659
867
897
558
561
107
615
392
616
339
944
241
938
812
992
3
561
7
749
613
671
553
235
547
623
356
578
886
196
72
594
120
178
88
972
912
128
317
92
913
690
987
9
540
787
754
789
252
316
310
920
875
720
844
233
891
784
184
911
165
836
272
868
403
909
998
914
140
275
897
111
876
802
305
253
926
659
374
372
202
561
408
554
56
604
617
59
809
206
596
886
210
620
534
918
587
498
461
58
218
869
386
504
385
101
78
51
944
509
142
882
380
351
441
109
953
747
297
930
900
611
715
174
299
223
751
370
960
672
107
66
409
459
639
404
149
521
916
654
405
91
733
187
752
103
4
800
153
515
693
551
618
953
505
466
964
147
471
587
700
117
550
216
283
969
857
128
313
307
656
180
984
365
398
29
631
440
507
627
857
823
969
584
164
522
940
669
357
332
601
915
124
616
144
426
354
784
862
3
539
376
176
116
627
496
507
742
384
893
366
289
257
876
547
903
775
824
884
11
308
779
58
4
774
845
503
823
414
837
965
232
151
206
447
210
850
626
987
960
300
522
109
147
770
769
454
724
358
751
188
747
907
654
597
432
241
96
741
56
367
622
349
541
655
304
432
881
719
362
142
549
536
309
814
846
914
198
115
772
485
51
947
270
799
731
271
942
370
14
70
280
282
70
254
106
583
22
427
665
75
157
356
401
557
453
30
12
524
139
970
538
560
393
257
392
196
506
804
345
912
145
864
735
216
900
215
32
133
633
761
794
898
16
756
237
796
641
538
477
749
816
912
272
825
725
835
565
301
405
850
730
369
47
540
232
362
213
75
517
382
728
880
262
714
599
596
579
842
515
948
757
13
109
692
478
845
885
703
253
479
106
645
241
825
528
562
810
362
741
350
744
951
682
661
31
58
769
138
692
168
34
773
475
596
704
51
655
878
630
433
573
517
707
86
337
276
559
664
239
520
802
225
189
251
944
708
55
198
323
614
624
756
978
717
515
229
906
896
723
711
972
746
266
403
352
693
641
807
498
369
408
927
431
915
717
260
252
567
662
651
297
139
757
186
499
586
260
605
748
647
438
138
931
718
295
252
460
442
499
611
906
954
76
815
606
665
392
801
195
500
506
322
188
976
458
959
895
445
190
696
966
765
897
850
127
271
67
791
373
716
684
851
779
623
825
656
756
20
747
747
495
345
392
371
35
172
62
318
760
584
206
387
826
489
574
375
677
560
977
805
843
464
393
839
725
947
488
7
620
238
827
486
404
315
809
532
491
600
677
843
305
614
597
236
550
729
136
704
550
961
54
866
257
498
837
76
228
417
493
942
954
278
481
712
472
751
478
827
400
175
563
180
888
328
868
39
56
499
635
2
701
974
324
986
536
328
126
261
337
58
938
911
216
974
682
496
863
249
64
124
289
23
720
952
746
224
163
885
392
233
13
522
776
429
607
382
147
515
229
636
413
748
379
903
711
752
123
360
803
308
521
81
498
433
822
112
526
791
50
857
7
555
640
441
509
545
572
925
631
617
926
175
263
177
140
77
737
561
537
264
453
249
450
409
1000
361
640
535
95
357
83
591
806
675
503
349
176
126
362
900
312
726
147
137
460
549
633
54
803
550
458
413
412
974
1000
290
71
399
761
509
121
187
901
531
412
1000
95
620
575
596
100
832
90
872
486
983
485
456
375
907
429
957
403
753
346
644
835
287
21
143
249
407
142
353
591
818
621
329
260
802
180
202
716
238
264
341
173
619
914
584
350
940
930
221
764
521
561
728
755
334
194
801
853
374
788
300
424
435
756
248
320
565
462
968
229
236
6
209
688
897
313
982
894
476
769
135
466
692
247
905
323
405
164
680
592
152
398
785
489
22
961
302
728
591
429
304
666
695
308
554
542
260
673
378
589
11
594
306
674
101
635
787
711
185
892
43
89
530
546
870
708
774
704
785
823
597
601
734
254
40
45
852
407
441
224
250
396
173
13
920
638
220
39
147
158
629
148
735
498
869
371
175
990
266
745
569
273
380
85
387
914
187
677
273
311
406
954
897
496
708
304
633
752
600
658
797
740
567
480
462
539
778
438
533
512
900
656
509
816
320
472
296
196
239
91
889
408
904
910
750
54
521
702
268
280
768
493
556
843
628
877
444
290
572
194
360
885
559
375
813
977
510
1
522
815
490
611
188
816
382
808
836
519
409
338
562
52
849
493
888
690
531
935
727
166
146
682
112
60
561
769
270
691
413
891
118
713
245
670
905
540
437
779
27
359
887
955
775
463
408
910
700
129
359
313
996
776
994
948
304
455
955
484
923
17
78
625
257
101
993
331
109
927
694
59
126
902
159
784
153
550
39
944
405
663
562
90
693
185
230
396
358
732
625
850
645
412
704
805
724
612
339
453
806
168
792
413
529
347
162
104
438
208
38
295
793
895
744
709
682
939
991
786
707
451
364
27
335
313
808
835
921
544
755
50
518
170
230
577
124
258
737
752
992
985
760
857
827
591
909
61
602
968
913
433
814
845
959
979
218
963
175
596
779
560
705
13
948
277
110
693
14
298
952
52
761
536
159
905
734
733
20
832
796
94
174
308
637
95
654
648
4
545
471
133
28
147
871
50
165
524
612
422
111
560
361
309
356
666
709
780
540
739
244
496
53
696
935
479
548
545
648
97
220
163
427
821
672
279
987
405
488
564
896
397
434
550
438
989
327
56
848
708
158
949
257
836
28
893
70
836
642
272
814
747
399
1
525
252
655
716
686
639
78
537
783
279
912
651
102
826
860
631
756
431
160
831
768
45
436
798
315
375
61
411
983
61
384
243
39
984
182
410
273
254
282
891
706
208
439
289
225
770
267
948
414
914
344
983
649
219
124
36
981
997
335
547
110
981
784
948
178
980
576
335
80
443
658
511
945
4
754
658
899
862
426
180
228
2
238
796
558
447
469
638
777
394
36
37
14
655
624
621
287
681
297
120
774
126
920
793
418
711
681
446
593
802
772
332
332
182
977
16
658
567
970
51
940
538
327
784
168
519
431
803
694
738
487
73
128
847
57
953
278
81
900
539
184
261
511
135
833
36
163
243
957
436
584
557
123
322
542
231
296
390
639
359
435
735
574
497
983
815
558
183
92
559
874
51
487
407
306
561
567
178
68
514
267
638
888
66
137
174
474
72
591
593
666
747
573
34
186
461
483
912
409
599
222
44
462
492
4
683
450
752
282
678
85
531
808
43
826
653
753
550
151
363
83
825
550
783
589
621
153
601
267
862
953
933
29
707
455
688
55
868
962
70
589
459
868
803
166
803
860
534
314
618
193
323
337
576
145
582
854
547
876
288
123
855
453
319
835
514
272
47
734
556
305
715
253
59
644
437
356
839
941
263
132
51
234
546
907
855
554
667
458
382
117
960
329
19
349
357
314
916
515
674
191
725
306
194
572
694
907
222
43
611
437
293
754
945
808
390
634
313
961
486
710
395
241
991
607
890
538
47
257
424
829
570
275
941
894
217
565
870
696
281
135
562
595
310
143
639
310
788
336
508
681
468
56
758
608
810
810
225
988
611
683
947
215
91
132
538
358
782
888
735
790
408
196
262
435
915
205
569
47
820
416
765
833
80
887
939
995
683
792
254
878
353
603
179
379
85
670
734
995
481
874
53
825
340
727
876
14
221
106
759
294
488
783
524
433
643
213
633
462
115
1000
254
464
708
811
583
727
768
256
602
752
515
576
930
118
623
197
788
903
271
483
934
479
180
573
202
176
90
656
349
515
72
638
399
986
117
866
893
190
583
352
489
730
116
346
143
135
232
644
450
764
573
286
642
858
117
21
461
133
273
298
942
912
394
645
461
101
797
561
828
420
553
188
638
316
195
369
372
682
923
317
169
976
331
749
669
138
805
760
277
235
661
576
973
937
249
223
472
190
972
399
888
20
446
639
347
989
149
118
659
157
619
133
229
233
802
867
197
694
523
944
976
453
415
706
360
846
309
212
467
119
496
66
111
818
126
944
926
908
172
732
505
869
8
691
415
404
109
485
120
497
635
311
263
97
59
262
188
847
681
349
917
162
421
441
494
158
187
306
279
659
764
550
470
944
972
413
100
897
709
707
619
837
831
373
539
255
66
425
217
680
875
982
220
60
67
983
450
933
615
156
72
768
195
778
217
84
39
448
661
530
925
234
56
516
30
215
872
746
636
694
845
44
769
174
339
370
86
344
515
797
643
748
634
146
734
623
237
176
767
487
805
941
843
714
524
138
130
911
605
165
671
450
770
781
880
558
439
870
546
512
563
394
660
694
632
236
919
564
320
898
393
918
104
38
405
315
265
33
820
566
553
256
646
91
759
533
465
201
1000
32
624
679
950
295
265
868
374
509
841
848
637
997
976
232
745
448
666
28
264
557
205
298
305
361
221
374
159
538
508
901
976
423
461
916
818
158
436
781
114
246
323
568
117
771
725
550
473
153
383
83
227
80
910
210
215
61
152
899
643
828
92
863
704
346
999
365
523
940
431
285
324
764
281
991
785
685
963
840
202
628
785
171
288
14
521
727
824
186
462
44
605
819
820
101
905
557
899
965
392
182
417
552
156
652
32
338
979
828
352
171
691
562
325
748
540
914
411
116
947
702
766
795
539
75
771
825
315
869
969
660
983
879
857
857
437
93
186
383
316
85
914
356
511
459
223
127
621
151
156
53
337
734
610
187
99
833
503
939
946
559
404
208
897
483
212
738
104
923
972
316
32
27
706
270
678
610
939
590
687
191
941
807
897
827
372
555
457
173
229
233
437
792
456
954
439
858
503
126
114
969
616
654
739
636
116
571
772
220
578
73
561
962
110
529
892
936
771
443
217
365
514
565
589
518
736
542
976
825
896
62
550
555
76
545
991
373
253
391
378
973
75
273
333
710
894
378
823
53
282
119
507
471
51
704
455
625
480
75
350
308
947
461
896
41
206
116
553
648
402
341
831
185
214
517
360
697
338
115
355
12
536
679
259
543
55
953
722
157
413
885
427
192
622
548
569
845
592
191
888
147
367
767
221
52
882
716
235
454
937
473
363
878
92
915
134
323
90
222
38
376
278
740
465
328
836
560
660
33
395
145
1000
33
902
965
49
535
453
304
346
981
772
601
522
883
619
799
248
229
535
623
941
408
826
138
176
188
278
511
90
537
581
131
14
206
167
343
950
705
682
752
463
994
157
889
638
430
35
850
71
397
159
247
294
72
639
300
567
186
614
499
138
939
344
264
882
324
16
350
44
78
489
548
194
744
677
135
40
536
39
813
285
173
845
465
209
687
428
745
966
912
864
426
792
650
134
728
34
681
372
461
882
479
510
339
687
141
374
560
316
843
229
94
728
737
400
10
580
776
588
979
438
75
472
694
980
619
895
743
403
967
461
527
938
385
450
954
729
528
306
150
486
210
101
510
263
967
620
325
62
690
552
280
48
305
375
18
511
815
822
740
640
74
59
850
632
419
534
903
357
62
690
83
839
781
116
139
832
288
586
964
221
860
826
678
118
235
273
430
383
728
756
790
903
527
449
593
475
304
956
487
994
736
718
362
816
821
475
834
547
787
125
900
958
239
677
535
232
522
547
345
428
76
668
10
63
368
491
864
249
184
552
229
698
62
816
260
821
194
845
394
800
712
948
97
201
264
745
305
234
718
648
938
716
35
954
101
765
770
633
167
60
591
619
245
526
38
70
954
332
477
889
37
398
884
892
78
682
825
651
827
169
463
141
421
689
834
25
730
369
182
46
913
265
943
754
706
456
492
705
296
50
239
507
529
171
866
18
821
924
450
376
901
290
659
966
103
129
806
690
319
173
294
748
614
527
73
52
33
396
258
969
592
47
342
182
5
354
862
629
759
400
100
493
210
302
352
500
756
293
712
852
392
452
79
683
752
447
57
546
993
321
569
895
717
184
446
806
964
3
753
24
582
806
629
272
626
433
558
635
910
826
597
742
489
8
194
845
683
118
177
854
594
795
271
283
831
222
839
182
207
382
214
759
763
541
405
503
541
36
404
967
843
782
92
118
207
728
996
841
618
576
749
33
507
762
752
187
218
826
934
229
508
826
525
571
568
67
951
813
282
598
307
224
51
394
502
848
823
700
370
430
605
25
126
334
812
428
941
577
459
623
927
782
396
312
450
999
593
838
804
897
671
116
587
937
390
358
246
55
660
388
142
401
312
362
417
452
632
1
758
788
491
710
630
337
452
158
894
302
537
575
309
490
950
335
887
541
288
428
151
148
857
627
632
88
914
901
994
449
664
513
169
782
372
645
304
495
188
380
214
959
559
478
121
256
532
49
793
122
472
183
890
157
944
629
947
435
627
908
318
628
411
241
274
337
530
183
28
479
612
962
145
695
586
48
827
398
725
99
704
955
104
866
658
146
137
299
661
258
765
89
857
8
701
835
504
313
565
732
367
88
94
102
766
834
775
250
466
836
109
784
926
549
755
868
258
925
467
931
553
689
682
571
122
447
181
465
566
988
79
307
374
697
138
463
567
493
535
826
596
49
577
59
526
892
950
378
176
487
349
141
198
329
64
104
967
120
674
863
561
157
854
231
376
54
512
364
606
981
646
368
846
306
819
708
730
936
73
41
704
297
325
116
62
67
588
320
646
104
632
287
197
1
787
691
503
861
617
379
315
712
896
83
224
637
685
885
776
750
318
485
730
478
218
656
623
882
492
584
451
51
293
180
237
197
322
640
876
545
21
367
1000
200
640
792
756
405
996
154
849
470
999
317
752
482
793
84
212
608
486
721
900
747
633
81
531
370
758
773
557
391
107
4
302
838
101
126
410
386
479
903
979
718
261
440
345
222
724
39
922
70
826
641
244
566
728
232
890
232
512
740
82
126
25
689
689
139
559
569
878
596
273
997
736
637
114
881
468
445
489
314
666
294
904
96
757
723
25
546
394
803
936
999
794
914
757
862
513
452
724
415
964
178
503
798
414
366
285
178
747
291
709
619
500
766
108
45
686
588
725
507
880
323
679
463
882
992
326
843
514
115
380
85
1
109
783
932
148
983
419
232
116
205
827
464
128
618
412
771
837
53
365
555
234
796
930
528
623
175
285
961
510
22
286
944
54
210
787
902
413
807
477
125
208
349
112
885
248
825
726
167
393
602
252
156
896
455
560
378
464
668
4
910
831
180
232
336
530
911
488
807
179
718
774
512
867
8
602
840
216
915
386
244
824
942
87
555
229
702
449
414
566
305
58
990
585
705
810
95
105
708
219
878
13
631
380
584
916
803
528
277
112
603
257
367
762
990
77
385
975
734
118
750
910
84
579
825
801
211
782
356
325
639
670
900
909
76
325
230
59
41
519
682
757
895
430
48
279
689
149
442
888
528
61
955
32
827
386
567
891
878
563
934
261
997
556
617
158
112
364
629
863
4
862
812
630
924
592
359
996
379
316
75
590
465
729
118
162
187
123
60
358
889
986
778
175
105
473
535
784
725
700
50
862
992
385
438
245
935
207
994
162
664
367
851
584
356
829
245
595
247
215
980
389
476
650
276
355
889
804
173
959
890
189
416
485
414
296
129
529
612
875
660
13
566
782
169
606
465
795
429
356
699
493
795
598
693
700
810
738
216
25
96
909
781
114
104
920
132
561
935
488
519
133
949
754
103
57
685
910
5
247
166
973
266
606
56
133
956
24
166
722
930
992
682
1
482
340
991
744
757
605
201
890
913
853
789
826
199
456
342
994
514
717
106
443
448
383
608
522
969
272
532
462
627
293
721
715
236
242
833
651
534
426
153
390
568
866
481
133
331
844
284
845
276
828
751
553
734
198
534
424
729
396
798
728
329
407
47
790
105
739
31
781
386
664
668
173
111
36
908
275
535
535
420
889
64
898
463
775
880
18
331
942
10
311
218
898
899
40
169
345
222
641
827
994
98
9
309
825
234
359
861
796
234
148
758
473
329
803
724
310
595
955
731
451
674
259
105
51
772
271
698
106
474
786
437
231
100
316
300
724
887
600
189
231
263
665
227
187
535
510
559
550
168
334
398
401
112
645
561
286
862
894
403
344
283
695
620
682
654
655
728
552
433
202
623
394
515
874
548
419
470
262
738
284
464
826
495
337
312
947
230
350
521
106
398
464
855
43
658
476
586
116
136
815
288
384
774
915
606
667
389
35
622
58
437
356
639
921
909
858
549
649
95
318
339
355
866
570
509
617
8
618
196
51
545
28
335
9
634
763
772
756
477
566
91
445
248
23
743
807
183
564
528
134
528
587
362
841
796
440
722
652
118
599
605
59
371
986
256
900
943
294
892
507
925
808
332
725
163
333
752
532
941
757
985
924
629
119
818
564
963
334
914
94
815
513
806
618
318
375
865
435
606
873
152
474
113
117
655
725
805
830
82
365
530
129
957
994
603
278
202
796
453
289
319
184
393
309
668
713
101
150
920
480
547
565
695
874
248
823
735
699
173
759
621
20
668
272
207
216
429
719
31
767
213
135
83
134
226
770
948
211
675
11
464
78
833
866
943
1000
490
361
678
593
45
287
960
916
600
959
784
908
755
934
869
293
561
888
511
37
422
957
962
55
958
516
537
359
110
615
533
883
495
877
725
731
506
351
741
691
380
116
385
3
622
842
81
782
206
146
445
319
235
745
451
501
354
430
890
662
987
444
858
465
115
520
724
318
787
938
712
232
743
706
317
974
214
241
328
77
360
814
846
176
4
80
666
209
423
786
116
299
92
645
754
190
257
367
601
527
304
981
92
938
570
504
914
769
124
278
775
960
624
247
810
500
154
994
807
568
743
138
43
231
79
401
973
139
914
215
652
362
154
36
61
974
464
380
385
263
128
723
490
613
322
772
656
773
492
469
152
375
767
900
629
482
508
170
624
80
840
535
924
90
231
817
103
319
296
951
661
972
596
191
9
924
827
229
311
596
668
769
288
336
518
580
315
526
576
611
606
558
135
284
391
322
354
150
404
897
828
161
681
435
467
586
220
592
984
310
397
377
14
58
464
843
97
168
686
691
927
256
97
273
300
331
156
886
335
698
669
550
323
997
209
656
623
913
677
321
881
165
341
156
544
724
188
988
76
205
958
863
811
312
639
227
498
586
891
240
586
951
167
354
234
119
684
671
393
4
147
257
582
820
600
13
275
620
620
436
747
240
246
231
912
50
716
832
174
8
330
353
468
833
176
644
726
456
766
204
163
802
78
491
205
105
279
618
217
568
604
277
7
65
754
749
348
891
982
786
808
697
803
385
833
872
800
326
120
4
352
841
307
795
120
388
704
709
836
83
356
658
236
196
220
328
33
811
947
532
200
257
8
102
820
446
857
24
223
602
719
526
430
205
779
953
247
785
355
812
221
369
869
4
477
86
609
355
702
549
334
957
447
163
629
410
429
613
11
63
266
518
154
164
784
483
684
467
543
219
902
308
841
636
969
173
116
838
92
191
260
110
670
502
527
550
294
765
297
432
758
88
87
722
286
539
452
294
508
413
176
558
808
438
325
412
818
803
117
961
91
963
610
932
828
316
280
408
100
765
328
1000
967
256
793
336
1000
646
944
731
719
30
424
876
346
11
975
354
69
750
904
197
984
687
739
952
185
921
577
246
699
142
572
19
754
66
312
992
841
85
543
404
233
281
571
400
196
425
437
696
833
472
418
882
892
115
136
478
243
215
443
28
437
275
226
679
87
394
141
146
661
425
319
89
735
833
580
844
22
556
649
66
985
302
313
927
595
934
667
550
177
347
253
137
477
666
482
878
673
571
418
707
261
796
58
955
252
891
813
766
255
699
581
828
156
585
791
233
112
5
579
866
333
222
336
298
143
919
630
630
632
677
702
721
605
799
615
219
606
249
253
116
184
479
672
952
930
864
4
307
42
592
423
635
81
368
810
942
101
605
204
821
853
587
348
192
630
793
956
407
530
443
976
457
595
468
381
901
453
20
97
611
921
848
697
612
813
893
61
282
977
812
356
129
78
794
635
923
492
244
159
429
933
852
489
31
63
831
241
317
178
637
530
868
974
496
603
385
117
381
706
790
836
256
635
656
521
565
46
886
36
152
355
708
443
115
690
848
826
514
214
569
430
256
350
777
192
115
334
764
661
627
294
183
31
424
943
915
937
287
846
424
111
247
638
24
889
54
570
507
921
963
355
53
106
289
324
677
267
301
851
484
120
546
695
350
790
845
908
440
269
431
828
830
62
629
914
329
11
901
246
246
269
666
593
963
868
892
609
764
323
240
77
744
950
430
99
110
691
344
468
884
207
745
598
643
540
244
191
773
355
195
471
196
553
329
937
180
450
548
308
105
968
835
144
293
671
269
625
170
895
992
105
63
195
735
836
615
239
16
132
850
494
599
878
59
663
955
264
10
911
900
681
752
442
695
743
166
274
626
938
990
716
7
229
67
35
999
533
464
415
728
835
800
613
543
909
959
48
40
864
731
966
201
784
902
716
788
989
629
430
954
836
484
595
412
875
652
342
891
564
17
395
342
117
387
443
374
867
157
668
636
36
62
737
935
245
723
655
832
574
535
392
156
961
634
451
260
63
404
320
28
205
382
13
960
333
980
97
913
619
753
949
370
176
538
37
207
239
239
295
749
213
363
226
780
360
774
721
478
350
547
459
632
491
255
991
999
604
62
887
619
878
251
274
931
471
918
687
464
20
494
574
348
842
446
177
956
955
675
829
977
665
751
991
168
150
960
911
195
714
778
950
705
364
149
564
519
225
477
230
387
318
627
535
156
481
18
394
515
854
62
5
611
282
228
982
363
464
679
495
519
700
625
423
33
959
64
771
448
428
15
395
178
750
187
404
586
503
964
784
769
712
560
154
431
512
579
730
594
752
620
507
911
174
225
943
789
727
215
531
905
374
401
387
941
205
885
172
241
869
898
546
480
972
279
167
576
553
984
840
824
703
434
79
957
380
216
123
822
513
583
590
439
165
666
674
503
816
26
136
706
45
280
219
714
458
403
572
519
377
834
629
162
140
660
32
338
680
103
758
661
63
259
874
183
877
586
209
725
875
899
183
834
417
966
1000
628
483
676
900
280
525
747
834
108
167
195
658
499
751
182
1
194
974
987
433
69
345
928
988
517
311
420
580
969
706
62
475
736
589
501
446
370
510
297
236
194
489
387
14
487
954
160
467
528
38
71
136
68
137
423
136
985
675
669
643
571
948
672
393
690
318
428
612
893
396
977
100
488
75
800
97
339
589
477
392
263
993
32
243
452
930
269
540
447
482
580
829
782
861
278
382
839
446
206
83
906
674
268
489
499
197
36
118
516
213
670
842
288
136
257
81
796
50
495
504
908
739
351
403
451
942
693
671
704
702
109
885
921
870
973
388
858
990
467
793
351
204
939
33
509
136
362
27
468
236
512
245
666
640
292
871
819
856
365
877
383
26
857
954
363
928
80
413
457
547
296
921
828
582
140
985
18
605
449
264
995
817
715
987
783
10
268
353
857
766
39
671
455
599
154
883
594
442
573
628
928
657
355
608
20
281
828
932
130
244
271
988
43
127
846
178
990
770
509
328
258
872
761
833
354
139
405
175
303
724
38
556
108
284
978
719
877
28
227
953
653
367
640
392
57
733
322
734
21
284
763
565
637
644
966
552
131
217
471
275
582
244
72
656
662
621
298
799
115
372
185
219
223
18
825
756
758
83
653
757
241
566
881
990
479
418
662
831
403
157
276
464
943
543
312
246
112
187
553
601
973
708
970
567
374
766
948
970
201
333
233
877
184
350
799
426
396
725
342
428
468
324
697
111
681
965
938
719
771
498
969
502
93
758
452
933
503
421
808
709
984
273
898
88
921
900
463
193
74
869
752
230
946
949
650
130
653
750
450
119
773
292
459
920
80
834
798
497
247
938
475
318
306
681
883
349
68
620
663
568
479
470
731
589
689
952
127
136
67
897
839
151
816
648
211
727
548
246
836
571
904
444
863
979
811
323
626
798
329
937
187
134
803
582
494
810
398
71
119
330
346
881
903
358
752
882
517
766
14
121
404
915
121
257
787
47
333
227
492
66
376
628
839
923
573
480
43
985
838
244
885
645
33
224
912
824
820
915
437
833
953
568
197
5
975
535
576
978
149
245
608
132
221
841
433
937
23
30
214
17
302
557
984
607
870
59
47
715
795
317
280
525
376
389
847
641
127
319
997
105
92
419
521
316
379
300
470
306
319
769
432
276
804
91
481
998
140
761
448
170
394
237
932
638
514
890
391
445
308
387
437
304
408
867
880
704
124
735
856
13
699
419
67
690
154
49
194
644
880
937
144
685
906
364
729
315
87
105
606
475
948
535
849
701
140
302
67
662
213
234
840
183
20
134
350
252
136
66
798
635
600
761
593
561
184
388
975
998
226
279
17
843
953
728
83
72
287
537
425
291
332
599
888
237
934
649
499
738
648
380
203
830
412
110
959
857
713
491
332
477
745
824
684
754
705
393
294
334
686
396
326
220
820
868
478
973
452
823
685
404
126
309
404
657
554
94
286
685
341
320
281
200
301
39
330
859
431
161
507
995
772
347
88
954
307
490
219
129
173
980
296
328
832
730
974
784
36
942
651
339
558
759
933
434
501
355
780
651
320
968
457
854
815
666
156
297
206
578
738
859
565
41
138
593
761
180
59
935
517
685
223
861
455
329
275
803
642
217
603
434
958
917
265
810
603
562
451
365
680
701
520
234
157
800
52
405
824
328
160
309
813
546
734
768
392
790
960
211
370
291
994
687
559
941
23
719
311
505
268
405
846
408
96
676
79
227
560
63
165
636
936
242
851
918
808
262
639
253
93
840
514
966
71
210
16
179
58
899
396
592
442
989
438
438
938
981
531
819
771
946
918
748
735
527
737
268
819
77
715
506
390
663
789
255
359
527
72
361
757
338
243
31
869
975
409
205
761
672
61
19
723
850
526
966
761
266
57
593
274
911
549
788
321
83
802
803
597
660
955
492
173
893
735
228
349
667
595
628
388
166
369
883
866
526
231
841
605
235
954
288
671
222
98
920
470
366
632
717
108
2
914
465
870
900
101
183
430
481
917
949
733
348
671
785
471
221
248
231
910
590
803
463
153
324
905
879
553
946
813
765
429
607
113
448
959
611
190
811
660
186
214
328
28
71
768
712
287
653
847
96
71
534
636
592
545
874
184
170
809
674
468
521
441
979
612
481
520
835
517
318
607
626
6
248
232
337
834
40
585
322
400
324
814
386
15
858
21
58
311
545
391
787
759
375
714
740
208
765
429
177
926
210
15
937
966
406
300
879
577
520
52
908
559
633
820
771
598
845
304
782
43
63
145
206
287
276
389
227
163
488
77
934
359
692
148
392
509
602
389
766
966
124
336
801
402
542
86
544
968
257
854
492
872
412
488
916
555
436
401
999
891
74
16
81
628
268
153
815
866
419
924
23
541
661
196
148
221
388
830
118
857
973
719
784
91
65
459
640
998
596
491
376
441
274
368
710
899
331
24
416
184
907
346
204
626
410
903
408
295
479
143
984
458
961
26
609
915
696
379
553
677
330
827
64
980
968
770
168
885
45
709
659
297
888
269
821
218
467
201
796
315
938
870
185
780
459
524
150
644
864
44
154
181
583
150
17
850
844
782
729
66
135
205
667
248
352
30
649
69
145
765
824
327
50
590
421
720
123
432
27
925
280
236
962
926
633
975
623
882
834
577
560
577
31
840
881
181
720
449
38
190
880
838
192
935
522
413
221
778
594
223
728
488
102
294
109
539
352
978
223
463
911
838
611
834
180
265
84
267
803
807
590
324
594
622
426
995
853
713
838
487
831
998
186
254
21
703
225
415
604
552
500
229
730
817
365
992
880
568
988
38
771
129
847
486
575
554
178
455
369
382
768
615
148
13
580
936
824
781
667
6
481
88
226
376
893
176
352
624
180
386
291
297
804
557
87
764
284
944
149
886
25
911
979
424
236
285
886
593
756
479
831
805
769
362
413
625
522
609
202
968
217
419
802
399
702
677
94
244
912
784
271
155
797
57
41
253
699
372
215
738
898
754
684
265
980
747
600
710
690
647
692
38
427
456
221
709
110
16
299
372
395
769
598
53
678
326
99
737
351
245
779
831
829
839
797
120
596
142
21
903
948
527
905
374
980
728
162
694
639
589
110
836
788
418
884
192
677
41
107
619
343
772
272
45
686
292
798
513
273
785
597
352
911
249
210
409
694
981
990
957
784
5
134
377
708
84
398
448
297
564
398
225
800
964
826
405
666
456
939
783
214
425
318
455
521
851
292
100
172
200
591
230
40
441
601
801
772
781
567
859
499
297
499
469
85
874
397
569
333
47
57
547
94
4
211
826
136
415
702
711
500
293
683
352
441
499
966
992
357
847
522
168
54
645
258
666
80
945
163
644
445
559
566
319
19
563
322
284
873
338
64
337
917
348
670
474
121
209
709
254
664
591
777
956
735
377
884
582
50
597
231
707
763
300
244
455
433
663
228
519
12
32
674
859
313
842
431
336
343
17
102
241
114
595
416
907
209
512
338
611
648
676
503
490
204
693
108
667
375
518
400
468
946
536
995
506
836
275
832
466
36
89
305
556
180
115
543
132
67
826
680
827
358
644
276
26
27
225
447
466
766
277
763
428
203
59
857
932
233
595
500
643
500
621
46
420
510
704
437
82
912
237
675
250
752
831
624
351
351
873
236
440
580
166
244
517
59
701
704
120
666
255
381
407
832
826
954
464
118
770
44
467
241
201
802
215
711
722
274
449
563
92
770
271
854
210
981
37
933
450
552
936
49
502
397
670
214
201
234
140
790
949
325
297
997
357
769
424
202
649
836
429
506
536
108
718
16
706
522
828
581
866
771
874
578
482
173
180
697
712
227
240
256
565
39
787
248
473
558
634
18
514
511
452
210
840
196
939
592
590
818
883
213
446
254
254
318
75
317
272
678
769
291
863
975
111
550
270
133
60
377
677
971
78
735
857
135
868
134
452
576
81
182
270
74
815
998
594
976
334
840
839
756
299
236
462
419
498
629
688
186
243
906
796
211
200
263
611
192
119
237
796
655
697
955
748
43
159
774
281
715
366
215
916
732
899
203
233
728
164
673
805
685
435
52
954
681
378
524
631
313
232
781
138
907
851
604
620
331
202
770
360
662
76
511
429
32
615
35
751
464
88
63
28
926
58
565
571
994
528
325
338
205
519
557
700
307
674
40
889
784
528
674
458
80
735
579
740
511
535
891
886
173
222
400
561
109
13
190
375
885
390
470
325
531
776
93
981
93
839
605
263
834
349
431
977
230
697
204
991
541
786
638
564
566
892
72
590
957
917
6
749
640
18
31
646
784
56
407
393
135
627
80
584
898
3
728
652
61
713
209
202
906
947
848
137
44
119
888
869
495
584
267
442
322
770
371
1
686
617
634
710
378
796
665
340
946
727
803
718
974
852
487
640
826
534
119
617
22
868
372
789
451
696
266
302
351
463
650
886
223
623
564
955
210
749
999
300
185
68
549
575
802
285
871
265
715
636
286
695
127
923
132
193
368
463
788
812
827
810
568
69
174
439
211
721
530
32
361
49
280
580
971
275
167
702
126
245
256
892
761
591
744
76
404
118
12
965
458
952
847
135
691
429
664
103
270
651
312
781
293
470
929
760
866
842
267
447
165
424
686
98
801
513
316
411
319
807
448
552
367
419
380
522
271
571
921
980
856
874
88
518
984
683
688
187
373
322
501
932
134
2
714
878
330
959
260
323
409
464
128
444
675
987
253
205
452
490
750
511
154
57
406
38
203
639
959
911
56
117
129
434
465
229
587
54
622
986
361
248
471
984
962
828
98
684
869
176
120
653
203
842
248
196
636
865
452
746
80
143
70
287
972
670
273
802
650
605
14
45
851
177
888
406
689
444
992
905
1
475
298
721
983
578
4
144
716
913
60
432
601
34
705
424
190
475
780
961
860
928
679
341
794
490
785
471
663
492
485
469
276
939
930
989
278
753
978
956
420
678
857
299
11
243
927
1
629
322
544
484
89
935
58
654
390
18
927
405
812
324
119
917
645
205
826
675
151
751
673
471
809
607
206
745
860
918
124
183
456
258
924
196
847
540
343
20
258
616
765
439
436
724
229
893
446
733
190
405
84
560
818
357
309
4
978
307
317
198
841
379
322
174
421
540
170
184
967
90
351
136
636
458
488
132
165
557
762
679
303
268
585
863
968
971
741
617
479
573
415
829
833
37
227
568
442
315
241
153
697
627
274
228
228
397
124
350
782
766
597
273
650
466
833
591
588
785
417
542
878
241
429
181
225
16
947
290
932
456
348
412
133
700
439
775
577
127
581
583
646
191
759
748
77
821
934
784
627
96
794
983
537
872
443
87
314
377
705
718
844
534
294
831
932
516
857
676
85
124
154
421
648
151
205
563
789
43
305
191
746
476
470
105
323
955
221
25
29
744
878
646
9
946
812
442
386
665
372
74
202
466
948
885
879
310
345
274
144
143
112
986
727
947
437
613
296
327
782
55
177
351
18
16
244
903
666
24
65
460
20
148
123
145
613
664
949
211
255
159
821
90
340
221
35
418
148
109
174
487
377
962
900
195
702
175
710
506
392
927
258
207
490
413
380
370
317
883
11
405
284
119
111
832
655
608
490
441
182
755
750
669
280
805
315
86
397
86
871
95
918
893
118
996
8
909
697
954
27
739
66
786
30
195
803
687
540
715
929
152
728
609
694
120
318
742
643
35
823
352
624
138
316
851
985
784
707
459
34
206
773
258
869
501
41
622
267
958
153
51
491
55
660
592
183
415
843
456
903
846
620
918
549
356
749
231
458
908
612
266
689
620
260
707
887
264
775
350
868
774
514
385
579
690
487
911
91
997
250
837
307
143
976
288
101
841
422
703
703
474
14
486
243
357
82
725
698
548
720
917
768
342
601
46
928
197
763
180
247
991
466
316
468
239
108
137
681
554
915
168
791
456
658
201
34
729
731
12
8
886
886
196
880
608
463
607
595
512
407
438
842
931
347
596
354
889
62
698
967
264
408
604
537
2
996
759
766
172
864
780
304
791
16
282
533
740
352
125
362
785
56
643
230
347
603
723
475
839
155
904
138
3
155
881
312
961
529
657
703
867
489
374
140
638
771
667
474
958
864
260
982
289
876
770
748
232
885
56
457
341
815
779
205
600
224
944
495
974
709
377
929
70
138
931
271
535
141
448
536
855
902
407
846
818
143
60
254
894
369
758
268
359
982
993
681
16
782
450
559
662
990
324
95
43
193
733
395
828
821
54
959
242
130
685
749
148
552
902
371
35
834
875
489
653
214
262
516
699
314
837
981
592
875
829
741
266
255
621
792
362
457
150
755
228
556
661
888
969
605
943
418
77
404
906
808
923
13
436
500
773
418
968
138
60
819
223
749
188
847
679
599
669
992
170
912
75
453
740
575
971
646
241
380
815
961
782
620
329
706
330
565
363
497
550
952
592
413
175
183
957
238
475
773
507
832
605
933
915
789
607
914
126
966
160
224
952
604
795
437
135
482
677
810
618
338
234
575
553
299
636
574
168
779
731
685
814
353
539
614
751
732
38
520
281
469
646
628
814
692
400
471
949
622
304
606
639
88
119
499
287
837
407
232
770
297
140
865
577
512
419
216
354
117
750
566
790
120
106
982
72
713
174
642
724
468
311
750
15
183
618
752
55
669
517
440
917
91
398
904
576
23
312
240
957
565
134
224
622
927
21
598
765
738
674
98
828
441
642
82
33
153
529
398
745
389
337
810
585
928
950
507
678
72
905
217
426
196
609
625
687
390
625
320
802
71
119
238
344
77
15
322
623
345
995
271
124
65
627
626
992
662
251
347
752
434
679
7
225
495
310
412
14
606
72
822
899
224
777
432
852
349
777
751
156
76
435
932
548
916
563
424
867
260
58
245
911
23
699
210
831
230
663
751
741
567
655
569
71
213
786
160
129
732
970
307
457
729
210
947
391
278
124
265
17
135
811
372
547
829
10
233
355
40
682
934
698
678
309
934
470
808
727
496
842
531
625
415
43
659
998
567
257
703
937
598
237
292
189
343
785
48
853
953
344
418
536
683
292
848
695
64
204
917
346
701
847
314
463
492
809
592
797
229
894
616
798
707
718
550
837
76
123
297
559
517
246
295
881
408
401
110
978
344
5
503
4
612
207
502
777
890
320
266
782
864
147
86
876
529
691
360
823
821
19
150
922
199
726
282
501
370
837
954
21
835
172
298
868
465
136
660
716
70
409
637
332
995
926
617
951
816
841
937
79
517
808
166
757
464
552
667
730
331
445
884
559
906
106
597
331
809
991
41
436
115
715
85
794
656
870
266
894
551
642
496
854
671
461
838
434
567
354
148
463
531
957
770
146
26
926
134
61
900
251
40
858
539
436
345
290
597
602
201
1
333
303
861
646
354
689
81
835
424
332
541
106
982
25
894
746
910
139
271
659
388
901
576
335
317
453
648
792
10
856
365
712
51
156
104
8
477
767
533
801
710
330
465
517
273
926
930
187
989
765
582
606
957
416
201
42
260
708
243
846
893
901
513
640
592
5
155
64
164
273
23
248
822
40
900
980
828
320
774
367
625
849
60
290
976
316
241
554
572
315
101
340
488
681
421
199
902
458
348
280
410
275
356
700
95
44
964
201
333
75
67
899
483
799
387
357
918
363
555
59
189
248
293
746
414
750
873
18
699
342
192
140
348
694
735
20
987
474
402
876
542
479
23
405
587
955
100
83
724
202
253
5
675
604
63
269
98
734
485
23
66
937
843
682
799
142
308
129
268
240
594
657
439
660
126
931
23
722
952
871
252
304
487
413
363
660
373
250
280
249
386
58
656
28
71
646
844
445
253
88
785
740
388
748
708
455
883
154
23
575
894
538
966
166
190
893
601
483
123
644
205
408
177
588
14
864
944
479
849
5
561
638
137
879
719
484
289
746
381
49
695
746
612
329
306
168
80
65
910
72
70
671
697
462
434
260
176
154
518
718
441
139
500
221
98
398
908
604
396
285
618
623
5
143
897
313
889
800
726
873
375
218
990
880
650
958
632
915
435
577
469
724
329
13
957
599
953
483
843
710
370
25
647
907
752
316
791
508
542
308
596
707
990
694
655
205
203
8
889
36
669
846
358
727
325
336
841
170
74
886
592
663
5
62
859
248
16
740
195
429
565
470
359
184
23
524
734
444
662
986
924
871
236
903
982
153
654
636
781
179
799
764
753
722
881
441
750
392
832
391
470
547
642
178
875
631
533
770
287
751
838
18
834
694
712
898
351
219
240
621
970
629
446
159
591
628
183
191
965
14
544
843
79
957
889
725
227
823
142
848
105
103
538
81
691
937
822
275
554
785
198
710
965
284
89
322
611
859
985
744
253
419
48
608
375
744
184
804
97
432
946
676
713
939
753
795
495
317
863
231
313
50
59
800
251
340
576
405
473
842
425
517
116
535
167
732
417
390
784
252
277
966
317
581
360
950
206
518
799
276
124
926
230
57
338
311
571
705
595
160
133
863
595
147
481
25
130
412
851
276
176
611
104
664
230
686
886
857
938
201
567
65
453
595
764
27
494
505
806
730
218
784
148
810
177
900
456
223
612
583
900
874
125
912
988
922
717
107
694
869
598
470
887
827
860
42
177
466
993
435
192
360
554
81
251
344
307
646
945
296
289
963
435
105
313
566
358
647
243
615
261
699
342
669
582
909
678
736
114
400
181
660
711
320
150
217
166
891
51
230
23
639
552
981
670
896
747
742
645
473
981
801
122
485
756
212
992
13
627
350
247
598
806
989
256
518
916
896
194
3
192
759
679
93
227
102
862
136
926
986
791
524
84
356
379
697
180
936
486
662
156
218
846
433
739
546
8
124
888
765
941
735
750
147
886
406
397
792
326
260
578
1
899
296
475
776
756
741
109
114
253
783
225
581
612
980
872
282
307
942
676
537
505
466
32
784
98
939
89
585
510
544
439
801
317
56
416
336
640
250
860
823
440
522
62
20
891
4
913
787
882
900
705
440
67
75
88
295
202
811
260
446
126
204
992
857
472
835
243
388
273
347
882
307
559
534
296
357
906
338
25
892
47
195
582
122
566
981
59
459
274
467
330
721
638
559
202
747
87
120
67
93
992
130
799
51
436
137
595
22
714
427
697
912
305
135
216
732
677
602
492
668
149
681
960
457
485
750
546
39
590
755
877
681
719
615
9
85
290
609
433
637
620
680
873
95
511
80
572
584
409
675
45
483
829
360
476
982
199
969
93
177
311
545
171
512
244
426
416
431
803
989
158
895
885
477
954
50
680
262
465
855
723
796
509
583
277
974
820
662
751
631
592
354
889
332
509
595
92
894
2
165
618
609
641
630
679
734
935
525
753
533
134
879
687
563
300
666
949
868
834
89
158
769
391
441
713
517
208
893
323
67
21
317
746
102
204
410
33
940
499
268
903
910
127
807
420
447
835
832
716
380
30
554
654
700
480
714
599
269
29
795
399
617
763
466
689
237
49
777
340
24
48
424
125
616
542
419
493
450
156
448
988
505
572
767
189
583
100
80
504
165
665
361
877
645
986
832
575
590
605
16
855
58
321
534
810
71
373
949
741
990
950
187
516
231
810
376
255
174
382
711
470
699
696
15
539
224
658
229
183
208
641
640
639
108
593
470
102
415
742
595
806
844
400
933
714
727
461
842
253
46
212
794
20
1000
432
736
760
984
170
94
683
942
551
656
314
848
977
276
360
741
654
579
230
321
523
570
654
804
854
33
841
584
838
682
857
583
641
118
975
329
746
137
74
458
232
955
337
838
814
546
490
785
818
412
962
114
404
267
702
553
837
643
204
700
396
2
757
186
628
540
740
309
496
930
463
313
955
135
115
124
193
87
335
413
690
340
356
718
230
359
928
356
372
674
261
924
72
428
438
957
482
790
789
325
424
742
380
17
427
985
917
400
345
987
62
40
598
303
999
989
760
93
953
606
615
468
835
687
383
469
98
234
696
918
464
681
877
467
131
300
744
968
856
798
729
564
389
763
527
383
994
597
741
544
468
932
954
632
243
467
978
374
934
204
705
552
276
97
908
77
642
17
907
956
437
90
415
763
447
567
654
935
440
654
723
371
457
110
883
447
139
516
982
692
635
383
622
118
320
27
722
428
168
633
929
163
354
64
157
31
962
172
516
67
347
572
228
124
795
35
167
492
994
362
455
35
268
741
910
1
861
208
412
243
78
846
611
688
756
21
140
198
431
436
331
95
880
343
61
650
364
206
725
813
883
223
897
271
229
274
736
947
202
545
953
283
192
514
974
405
99
68
535
581
261
642
591
582
828
631
60
600
949
908
607
487
357
1000
944
534
224
819
86
516
952
406
849
903
335
995
446
962
703
94
984
735
954
809
444
208
940
962
781
268
468
594
585
961
911
648
867
462
907
138
434
995
528
261
63
429
534
895
565
263
670
667
128
292
392
723
456
973
511
369
921
544
610
188
912
157
221
57
984
343
929
665
649
115
729
94
569
454
898
316
433
524
400
673
70
315
526
601
490
344
114
870
358
208
801
65
495
851
515
110
211
663
375
119
814
403
152
158
652
548
478
843
652
108
7
364
726
394
658
706
804
248
45
505
365
708
963
243
953
972
427
512
745
883
257
514
440
378
605
933
278
734
418
963
580
938
784
717
303
977
185
75
547
72
853
111
155
292
729
289
89
425
724
455
273
17
800
213
456
311
738
177
955
920
470
13
999
904
571
369
310
172
566
825
480
572
384
576
958
866
604
502
532
487
289
246
674
802
827
74
841
87
829
639
564
358
157
735
931
774
661
427
870
257
765
104
718
207
518
75
403
437
142
808
783
190
552
720
819
726
66
705
196
286
182
610
55
48
25
658
24
736
446
726
371
4
696
657
289
73
622
609
190
962
382
51
112
812
957
880
509
585
545
532
756
63
565
429
235
887
883
407
114
561
168
31
968
605
600
399
874
157
917
257
646
631
484
446
87
689
129
803
508
958
282
472
613
995
919
344
558
240
800
94
663
150
690
312
517
215
393
457
395
641
486
5
616
325
978
329
465
229
904
697
973
981
220
33
248
312
9
899
994
337
578
469
63
670
736
253
100
348
85
561
942
376
141
11
410
93
149
876
265
158
215
784
948
138
558
949
933
36
245
81
302
515
936
183
81
576
155
382
258
623
205
658
799
607
500
943
251
740
815
712
226
499
352
555
281
642
166
4
745
315
952
327
759
558
989
287
571
479
994
578
268
928
441
554
788
375
917
394
345
89
374
732
929
985
679
506
606
82
437
264
933
241
821
630
476
425
53
707
916
198
984
308
830
49
187
928
949
621
556
149
490
848
976
550
757
512
313
85
769
994
675
173
171
998
264
230
167
252
248
752
327
60
827
979
970
70
282
543
999
550
512
556
758
636
388
211
595
745
995
308
287
698
980
762
843
974
673
563
863
296
872
754
888
501
347
950
620
956
783
792
551
658
882
773
606
744
373
67
967
250
465
147
850
485
493
579
187
90
282
288
826
875
19
715
169
53
94
93
948
916
497
36
891
503
396
181
430
370
858
972
163
541
276
783
957
429
436
532
122
943
66
118
8
41
220
863
708
218
36
852
97
279
334
656
60
784
67
302
874
454
869
261
816
407
30
704
288
145
620
190
69
368
9
985
670
577
298
223
74
246
547
72
237
761
391
983
343
465
809
849
90
44
593
370
973
821
964
789
344
64
928
925
776
709
782
102
913
244
559
840
597
366
347
541
599
239
106
142
159
145
347
884
824
711
414
277
896
385
81
439
737
849
618
561
403
112
283
644
160
586
148
163
733
286
99
560
638
580
988
826
631
704
908
565
668
887
619
528
373
451
993
716
143
508
210
822
44
629
606
998
851
836
353
499
302
358
234
794
908
255
676
441
862
374
154
920
477
475
873
568
790
947
761
828
475
893
559
217
261
758
262
202
670
963
162
376
495
164
586
460
921
318
828
860
560
466
704
611
601
1
654
734
408
328
308
479
927
47
821
593
104
778
632
146
475
974
309
936
757
420
618
331
41
906
371
445
911
179
377
530
900
798
454
806
341
84
253
310
23
190
246
851
653
957
45
249
963
135
36
861
711
560
194
892
432
364
202
996
975
150
419
90
403
55
491
931
57
966
89
98
15
38
65
106
776
527
18
964
97
415
185
979
646
766
161
93
300
734
538
77
618
284
559
986
884
798
760
152
714
929
995
915
238
270
823
740
928
923
70
200
369
508
779
498
47
355
263
762
64
654
980
222
69
137
980
347
134
958
244
809
745
590
310
536
522
254
206
136
56
167
265
431
910
803
24
287
197
591
268
907
559
908
825
619
789
732
885
375
102
499
710
952
410
528
643
36
560
373
418
854
19
757
147
762
669
940
660
761
236
549
902
747
557
166
357
321
156
4
185
251
454
99
839
224
656
195
831
397
416
175
89
914
931
524
803
518
944
92
651
282
529
326
388
679
3
499
873
72
513
1000
177
421
502
465
72
547
477
934
488
258
12
48
303
106
119
58
370
387
319
90
361
233
48
737
954
373
795
5
87
130
771
985
339
410
888
396
308
532
89
293
777
403
874
195
48
786
768
790
216
791
704
77
10
116
345
640
760
749
141
163
368
70
517
343
56
925
8
213
734
550
912
607
584
776
921
364
306
806
17
34
434
870
27
402
151
567
418
549
711
545
557
128
630
725
333
867
274
890
772
203
362
873
239
793
400
91
984
35
781
964
419
541
736
223
489
864
74
719
621
314
936
665
412
170
152
407
765
168
856
846
673
588
907
73
447
217
962
300
635
77
834
636
49
843
892
948
875
343
818
558
815
993
359
107
937
969
76
237
802
931
117
744
423
730
30
890
713
327
14
49
357
797
616
789
439
362
173
428
645
733
652
443
453
123
796
467
464
684
188
868
125
208
746
457
346
1000
439
835
869
991
459
726
532
153
660
956
451
746
44
613
926
940
914
365
696
886
826
313
48
939
590
515
184
732
605
424
475
946
718
641
291
58
119
741
398
614
57
923
960
387
771
240
841
213
538
115
859
369
496
276
221
715
450
633
409
76
655
522
466
388
155
722
361
232
936
202
821
614
734
71
242
115
853
920
930
1
686
851
185
195
254
782
65
874
69
668
128
110
386
173
696
86
713
90
264
198
188
639
256
663
73
816
595
73
388
325
107
273
51
201
392
798
853
403
441
427
128
307
885
766
473
234
215
758
263
817
586
925
906
459
859
724
139
614
139
804
268
458
294
887
82
622
560
670
718
77
22
717
529
23
510
426
923
145
542
512
95
125
93
2
221
549
69
180
234
390
874
129
279
414
470
462
916
535
964
737
505
90
700
452
844
410
35
673
212
861
494
872
60
125
826
426
488
932
938
971
831
168
123
461
989
105
442
512
299
492
622
330
912
281
822
141
604
703
745
770
274
424
254
763
325
524
127
400
707
370
813
308
751
161
407
745
134
215
488
877
582
704
992
385
518
944
26
638
529
286
94
885
22
349
938
521
565
98
939
558
707
804
836
217
583
338
545
456
721
143
137
975
854
391
455
10
502
853
960
643
884
461
603
985
822
828
769
245
893
558
676
194
943
512
487
488
498
579
136
585
584
52
491
38
76
157
997
261
399
778
263
609
530
269
661
659
738
664
785
131
156
754
27
230
831
22
354
667
126
419
316
548
960
71
1
899
613
520
861
584
484
762
323
76
710
715
451
40
882
638
713
901
441
47
164
171
60
690
160
458
543
928
424
889
566
348
574
992
162
548
700
955
269
988
570
442
847
293
470
264
447
299
544
477
349
697
415
742
59
767
817
503
383
141
230
332
49
850
443
91
623
903
929
732
990
718
396
45
450
614
860
273
143
718
104
248
747
770
119
430
282
198
342
411
559
195
871
180
85
174
708
110
396
756
959
982
901
97
361
701
776
814
926
529
73
396
115
869
770
909
644
623
657
764
148
184
423
850
544
536
647
696
850
952
239
829
399
843
624
237
414
98
273
704
24
7
774
227
460
522
528
234
507
126
86
241
372
279
130
391
256
877
327
103
586
686
855
312
682
598
623
376
320
130
611
815
162
731
502
853
152
819
85
883
606
863
600
213
500
219
868
763
828
185
790
519
535
643
291
261
24
898
341
146
111
578
949
72
127
570
587
297
868
526
725
659
306
651
167
737
873
27
769
301
67
622
821
716
866
603
5
833
992
124
469
763
967
106
642
148
88
956
976
313
503
169
564
833
777
531
856
790
124
263
490
611
535
781
161
975
753
507
211
794
922
326
790
863
540
706
120
871
921
229
794
167
49
587
286
655
108
599
251
191
545
476
940
452
495
735
516
88
79
997
1000
342
374
496
317
749
690
99
358
113
86
379
405
844
460
999
466
777
604
353
419
301
937
83
566
506
83
307
892
159
460
443
449
836
714
167
965
140
386
45
30
662
628
763
138
124
399
328
805
54
872
356
52
999
185
658
622
16
205
765
128
618
1
212
66
254
262
110
659
480
797
592
535
509
544
18
988
748
767
209
574
826
997
742
486
239
697
550
387
541
749
77
893
125
452
218
626
533
921
275
374
13
806
693
816
99
813
347
146
245
56
219
264
417
213
233
842
775
231
683
215
823
484
349
932
351
967
4
357
224
365
513
205
226
869
867
991
166
161
855
82
43
343
317
135
625
467
132
330
748
525
298
144
904
490
382
117
953
58
861
972
214
394
143
237
533
266
475
794
726
44
512
623
240
235
983
82
872
931
660
899
584
439
430
173
840
895
988
374
980
237
128
170
26
486
763
686
169
695
735
876
248
704
350
359
650
868
380
646
278
387
817
277
36
281
858
930
163
45
858
217
322
330
158
231
550
688
864
122
491
116
797
690
698
314
303
852
377
121
926
151
923
34
580
557
353
117
334
506
189
105
765
6
949
301
929
603
628
307
146
444
405
765
731
908
68
782
159
257
628
304
908
238
751
524
947
939
182
38
540
978
749
891
509
453
292
876
857
982
789
747
470
862
915
957
139
233
505
942
283
770
696
230
968
943
914
430
226
265
542
631
690
230
22
172
953
461
611
823
265
62
884
731
369
755
579
355
981
190
783
797
234
415
421
208
741
839
335
234
406
959
26
401
826
900
983
973
197
428
917
180
943
440
384
600
282
849
830
507
847
896
739
944
585
12
602
685
251
469
221
883
756
486
428
304
150
695
990
689
753
749
371
480
250
242
777
180
833
152
762
851
901
857
540
838
729
578
69
598
60
570
570
937
627
736
947
638
677
140
971
266
742
535
575
860
372
610
895
660
919
628
277
205
968
950
953
156
625
160
860
507
851
349
567
128
71
501
585
503
385
228
313
200
108
460
468
304
790
666
117
696
392
134
100
6
358
198
519
592
962
4
770
140
839
466
989
533
983
105
372
960
937
86
820
268
972
752
429
603
945
231
322
332
847
490
547
118
501
335
588
771
845
202
491
286
395
639
667
527
670
11
690
959
466
987
440
290
307
683
587
409
877
383
304
927
184
478
473
693
103
874
600
641
735
650
820
630
864
771
611
500
194
667
318
362
353
507
889
44
948
230
626
475
584
331
121
76
930
308
841
930
913
455
846
147
694
679
510
625
999
734
946
559
959
983
43
681
581
793
741
44
154
706
934
949
641
608
614
322
964
837
956
384
26
572
658
454
630
807
501
869
106
934
976
663
262
946
115
656
489
519
232
748
824
16
162
867
377
160
667
732
824
868
966
911
702
31
685
299
162
568
711
729
13
83
847
911
879
418
511
961
290
740
401
6
823
662
446
761
734
407
710
512
178
354
237
265
583
573
418
58
746
781
814
625
320
325
902
744
678
576
170
754
291
973
434
42
789
540
633
500
956
947
721
433
290
383
817
340
278
573
82
476
96
407
230
397
456
738
924
114
610
375
213
840
199
104
789
350
236
252
448
266
852
63
330
683
541
580
457
192
738
212
71
842
553
916
874
113
865
227
327
800
746
63
153
529
63
707
159
401
783
978
664
591
750
60
771
222
22
892
520
179
479
497
901
110
21
887
891
802
846
465
873
465
715
450
951
247
39
791
658
501
825
239
705
274
882
584
39
325
317
791
130
944
443
702
892
523
247
702
267
300
352
447
784
312
564
548
78
219
194
463
304
817
499
699
377
534
224
822
663
162
616
126
693
986
557
621
592
421
113
799
885
774
6
315
800
462
631
426
822
99
876
681
803
575
191
784
336
967
572
111
372
861
965
439
169
405
581
540
811
909
39
231
755
64
865
921
985
300
708
581
564
632
898
198
692
885
346
208
200
132
500
927
928
912
769
370
632
253
895
778
141
560
433
968
161
207
278
360
858
997
200
272
99
643
858
717
479
668
341
855
204
795
807
197
933
600
669
352
705
869
119
510
516
350
107
931
616
145
555
167
846
221
897
618
26
736
898
857
512
128
98
241
555
852
943
244
244
430
167
232
860
271
707
678
920
577
727
48
323
429
741
74
83
68
116
781
548
719
45
432
859
583
668
699
404
287
652
148
296
418
572
15
71
521
94
930
77
976
591
974
411
247
146
212
100
743
65
725
443
809
590
68
56
623
854
171
755
98
61
615
46
654
959
169
659
990
933
451
956
645
548
734
372
712
839
609
932
20
949
818
991
442
897
995
229
246
669
123
604
408
454
15
899
219
794
447
348
602
872
624
844
405
796
243
178
62
656
537
114
416
872
972
21
171
822
60
451
426
840
931
508
312
735
26
540
157
739
482
821
858
389
1
301
902
748
903
810
105
174
24
302
401
204
240
96
872
920
147
846
417
410
193
763
780
76
727
142
963
543
611
271
973
684
342
784
180
591
765
821
540